-1.559895619490597962e+00,4.098512929916869885e-01,2.410411148201194176e-01,-4.549950720855054698e+00,-1.301603467654113500e+00,5.562412609403185604e-01
-1.091978897302234186e+00,-4.137725072494947698e-01,5.023087063673820074e-01,3.081820742367574195e-01,-1.157693921612134913e+00,-3.308543272992218176e-01
-1.891113753450214707e+00,-1.404393721883906987e-01,3.371178397132287841e-01,4.609085009782663833e-02,-1.816677719425701998e+00,4.847912283274125739e-02
-1.098008341142085786e+00,-4.115140309002997543e-01,-3.858948951344951528e-01,4.236932806012420616e-01,-8.473568213915673164e-01,-3.610258108009647970e-01
-1.706336124076530236e+00,-7.045394394114928849e-01,-1.039776665942384049e-01,7.495969463970816871e-02,-1.443297830397032966e+00,-4.740058561723428099e-01
-1.255315174630580399e+00,1.138023977875941284e-01,3.486337237729013050e-01,8.739435915142257372e-03,-1.196264042572450226e+00,3.195103587995263839e-01
-1.615435704673887862e+00,2.308996705282827744e+00,-6.245099319651367109e-01,9.293310428577977733e-01,-1.428351843771054508e+00,5.172992438837910045e-01
-1.629391329151369305e+00,2.524478457158735312e-01,-1.072751527583169773e-01,1.331784991849889466e-01,-1.463215168020638224e+00,-2.388867791363584805e-02
-1.905529139063679933e+00,-6.399532291948220042e-01,7.238280020161531603e-01,3.543270723913460873e-01,-1.596513014988285351e+00,2.126431211898122675e-01
-1.167836282093078104e+00,2.308180040508776010e-01,-4.200578006722193170e-01,5.487625253156196425e-01,-1.006779868945705925e+00,-5.910095665863810410e-01
-1.470594824270596845e+00,1.256771014309334689e-01,-1.519370868260403185e-01,-1.745595674069959635e-01,-1.281927695223301189e+00,-1.151246330401072132e-01
-1.552227492182522095e+00,-1.157561764899487589e+00,5.161212633159737578e-02,-1.448539906715374560e-02,-1.222213990356689539e+00,-8.607430423063270331e-01
-1.314276086336239713e+00,8.513065437590843984e-03,-8.352814534582624073e-02,8.902375596199506302e-02,-1.095777572731448268e+00,-2.140056908116881873e-01
-1.002193325745038388e+00,-9.779502100494367189e-01,-2.488414154656582167e-01,4.581773704886236143e-01,-5.235550824204812104e-01,-7.147565169529424001e-01
-1.534034753201502621e+00,-3.457077065612096933e-01,-4.103260511358157170e-01,2.337407034041189657e+00,-1.328191116950399708e+00,-3.575136491962510599e-01
-1.448968945662284957e+00,-2.781211145956618558e-01,-3.034193109525144538e-01,2.197444265811145103e-01,-1.063985757596525694e+00,-4.132628084011898961e-01
-1.628014827170606305e+00,4.532269438301388398e-01,-1.558824846817642995e-01,5.707021796523402690e-01,-1.539406777049904917e+00,8.132515196897571741e-02
-1.207891570927468461e+00,-2.610583421420353822e-01,-1.439855980206788955e-01,-6.922979155877690971e-01,-1.135381253100223642e+00,-7.370830276554727334e-01
-1.196917501068435197e+00,-1.169590422119371143e+00,9.158055843896781845e-01,-1.805517840175832056e-01,-8.588896295193425567e-01,-8.062422062216494378e-01
-1.263280417756796448e+00,1.205074989041533123e-01,-5.065725850233309124e-01,-1.733633549042235770e-03,-1.217661072550512147e+00,8.664239104260838820e-02
-1.231691629916051411e+00,1.315634572264656521e+00,2.479108526990390221e-02,-3.192777606335021889e-02,-1.418529491899898742e+00,1.307287069349356123e+00
-1.223055851576407393e+00,-8.270329431072442894e-01,-7.219077381840153240e-01,-2.176182384172936635e-01,-9.626359596448196276e-01,-7.935204338926917789e-01
-1.193754472610115025e+00,-4.465695796741985801e-01,6.280254407465696298e-02,-4.808573743080289398e-01,-1.186675059022766821e+00,-8.061758225754692142e-02
-1.218590560047878801e+00,8.740267670054437943e-01,3.079319582878116690e-01,-1.782929775504915951e-02,-1.513435004963198161e+00,8.312208447851172632e-01
-1.068263479462867149e+00,6.070388382049697329e-01,5.860727128162925847e-01,4.305348030703361473e-01,-8.433460253582403254e-01,1.075099540986294899e+00
-1.002604168276458152e+00,-1.397987555072207400e+00,-8.209132399051402018e-01,-1.016715897904432037e-01,-7.014998293693615050e-01,-8.289105721788774250e-01
-9.534123330676183006e-01,-1.598371388433209139e+00,-6.606284529676227368e-01,-2.690569442866923566e-01,-6.608958682279496566e-01,-1.283095225934898664e+00
-1.225661478247698000e+00,1.594633797784754892e+00,5.466449679297662456e-01,4.699302312172615181e-01,-1.397619952764313389e+00,1.646654173018053946e+00
-1.488907052607487680e+00,-4.092513255088774948e-01,-2.683366320823648565e-01,4.898402224246312109e-01,-1.046153780875828332e+00,-5.778669106673132161e-01
-1.723527932266339491e+00,-9.818290762402787086e-01,2.509483782344872904e-01,1.722885561659746878e-01,-1.509342493794706863e+00,-6.985863680226348515e-01
-1.912492229939131594e+00,-3.989642398925247191e-02,6.253236403224085027e-01,-5.106327849581060452e-02,-1.572047007445080968e+00,-2.525502754481505699e-02
-1.271141635701305672e+00,-4.132418029833390682e-01,-3.175873173518360404e-01,-1.232590580250787632e-01,-1.021255002893091790e+00,-6.408690731031158050e-01
-1.541098307678178569e+00,-5.626425691973622190e-01,-3.076425385312980820e-01,8.685601064840889896e-01,-1.236456429395630163e+00,-3.260133386734371252e-01
-1.439614442118623883e+00,5.667251682727482143e-01,-1.253887576615907995e-01,8.010472675059999714e-01,-1.443910703872595791e+00,-7.947631504580122963e-02
-7.311356847316328178e-01,-7.502855270225614603e-01,3.039661097831877212e-01,-1.138190621108834365e-03,-6.584799140675928752e-01,-8.902858974235499101e-01
-2.149460776134200390e+00,-1.672214789584520744e+00,1.257595111088425588e+00,5.212215425649221329e-02,-1.971644481525487658e+00,4.481020963831539028e-02
-9.644777428676836184e-01,-1.899158151182131604e+00,-5.932988189329776452e-01,-3.708968887077398469e-01,-4.275008468169617659e-01,-1.366738933379849641e+00
-1.034978376469337213e+00,-9.688703865984479302e-01,-6.244175522652062327e-01,-1.119130136469173586e-01,-7.603610939521309176e-01,-9.945982062591240958e-01
-1.107100982205112105e+00,1.284055398596808617e+00,5.785728273186210302e-01,-2.722071279026140600e-02,-1.147083458234127162e+00,1.755001753387944952e+00
-1.121500053485597004e+00,1.398039947131184957e-01,-2.567041074758738550e-01,-4.207910215558601230e-01,-1.106939604350736239e+00,-1.270148719389493641e-01
-1.788171751036746970e+00,-1.327870258121630176e+00,2.160680020488147113e-01,4.769557713651478847e-01,-1.497227154055676523e+00,-6.555901345926987700e-01
-1.135367007123336824e+00,-4.824576151437615645e-01,-1.155857722285450473e+00,4.290800542422978925e-01,-9.591410095522675539e-01,-9.620915731988101127e-01
-9.324966124417163327e-01,-8.743033476833792506e-01,-1.475713110107448878e-02,1.509475302500942639e+00,-4.460437112347925281e-01,-4.926754527671236006e-01
-1.401521709356801315e+00,7.365053779580201798e-01,1.370452546610486655e+00,-2.846038165692536537e-01,-1.722350323607463984e+00,9.791157676721439218e-01
-5.771726181519402088e-01,-9.187355728481495509e-01,-1.036778499724296365e+00,1.022694347397510445e-01,-4.318642528218027965e-01,-1.201680225104402755e+00
-1.093571576982299121e+00,1.547112855571252776e+00,5.916924130269074489e-01,1.639476476148031825e-01,-1.051978385316532538e+00,1.833948513888921106e+00
-9.779234220645990350e-01,1.217440431761195763e+00,2.942380177160810462e-01,-8.833953701305800044e-01,-1.059317086319691237e+00,1.499092307205279972e+00
-1.371373025100937060e+00,9.226499680673826420e-01,-1.146636956805087010e-01,1.261316679292855819e-02,-1.447000153708664749e+00,5.343242043853562162e-01
-7.685388711651038873e-01,-1.150758695630207162e+00,-8.287600265420921319e-01,8.235971132771655046e-02,-5.648884646252161357e-01,-1.136204093969707563e+00
-1.048362206004087138e+00,1.609360828256106046e+00,6.806909158878973187e-01,-8.208236651667043526e-01,-1.065990851500156822e+00,2.454838272566342461e+00
-2.171390443481012955e+00,-1.371081686594437521e+00,1.255045497014512179e+00,-1.391525984163697882e-01,-1.844520834139627308e+00,-5.476772387895679772e-01
-9.509591500113631080e-01,4.176228243040406296e-01,-3.821771612124681972e-01,8.433125180069051333e-03,-1.163167181606444167e+00,-6.358235452836336066e-01
-8.415170158124937183e-01,-7.465028517503679018e-01,-2.105604330211450215e-01,4.656800655459642502e-01,-6.551394350055225191e-01,-1.025777300839682438e+00
-2.043847924231477986e+00,-7.700545517343256874e-01,1.266947086031714687e+00,6.003621761815050029e-01,-2.014957593856388840e+00,-1.426290403267359008e-01
-3.252782352691521162e-01,7.252114026500329214e-01,-2.018708534255819753e+00,-6.938347789222905071e-01,-7.290968707740262678e-02,-8.626006636795554572e-01
-1.031737471145286023e+00,-1.077639332730337518e+00,-8.341868426410397053e-01,3.035715969891238930e-01,-7.319930281387627691e-01,-1.048964744768359658e+00
-1.166876195020306817e+00,1.342359490131232569e+00,5.990094217009339639e-01,4.397690345764352360e-01,-1.105716992056918313e+00,2.133466873138498698e+00
-7.861238808770613096e-01,4.146082533237184231e-01,1.501531758533859451e-01,-5.797985765485483278e-02,-1.053607106839458130e+00,7.363166034895497480e-01
-2.031555247534676312e+00,-5.520107283372754914e-01,1.193770921650916472e+00,-1.310170747928454116e-01,-2.030329328906815167e+00,-2.824204800528641868e-01
-1.058611823478729175e+00,1.483809750530419524e+00,5.252446926934588589e-01,1.506346550937751161e+00,-9.190677596971706942e-01,1.712507492616616389e+00
-7.026478425942032091e-01,-1.094877438435048589e+00,-8.395904007393582003e-01,-4.409277367507492551e-01,-4.404378305474813127e-01,-9.810700271001502326e-01
-6.975686033016241794e-01,-1.159738928844947559e+00,-4.745691700796916823e-01,-4.307443821985508237e-01,-3.797554729535939644e-01,-1.173093712490737017e+00
-9.358159807004734487e-01,-8.700722278316177505e-01,-5.389400604874389211e-01,1.667489087696765598e-02,-6.819635785900926006e-01,-1.150441350157333842e+00
-7.649932091690631042e-01,-5.011152380012484642e-01,-1.527404435345607603e-01,3.969541700771477277e-01,-6.577501639033200842e-01,-6.635651447154233828e-01
-5.407641030155978523e-01,3.135027311167747355e-01,1.006442922594214806e-01,4.779693908035690386e-01,-6.156897267644911853e-01,-7.792506524581288563e-01
-1.004046184689818100e+00,-3.398956833158202073e-01,-3.318838232697385870e-01,-6.287423587511593581e-01,-9.189030567328265731e-01,-7.261874100636636076e-01
-4.955283543293695914e-01,-1.460372341846162048e+00,-1.265411698176825750e+00,3.262167933727949110e-01,-3.326749266444651854e-01,-1.537428310197664016e+00
-6.721391531742444414e-01,-5.864973663413814986e-01,-4.668883842539887641e-01,-9.121129257811996793e-02,-5.904924846277141981e-01,-7.899518859513796620e-01
-2.116500060895109669e+00,-1.107154565562552984e+00,1.253892446563444452e+00,-1.487223492885572929e-01,-1.989485732535901663e+00,1.061074497422126173e-01
-4.615191716137177769e-02,2.020426504001729406e-01,-1.944866027556779287e+00,-2.631645123085010418e+00,-1.514163485071535198e-01,-1.615985187407380064e+00
-1.013661595816285343e+00,-4.267063366260330781e-01,-1.692592983402189388e-01,-4.060254069276689748e-01,-7.601843976020342675e-01,-5.598474179594227218e-01
-6.266792288282116985e-01,5.131965712597260643e-01,-1.938699986400060360e-01,8.618420517590374974e-01,-1.094170780479055693e+00,2.979425448329770520e-01
-4.023436786435631574e-02,-6.480366006460295258e-01,-1.187593786398686735e+00,-6.126661255632609437e-01,1.460658683447498274e-01,-1.160707846798856524e+00
-6.823974142632310835e-01,1.633678402667471552e+00,3.486445570940029381e-01,1.055894726487796254e+00,-1.267001658499421923e+00,1.449817525979418820e+00
-7.418578089097244144e-01,-9.380977330275956649e-02,-1.021037763117755626e+00,-1.330092268121883629e-02,-6.642557304563548870e-01,-1.074248789589868913e+00
-9.627620388103961258e-01,1.733255366079666793e-01,-2.254128894403293060e-01,-6.428195420448735709e-01,-8.994270311798776563e-01,-6.260415120107798437e-02
-1.055016786767175141e+00,6.174414926708946538e-01,4.199491150588952615e-01,7.044368464939091638e-04,-1.114926230244925209e+00,1.017296235743527344e+00
-9.990174315131528093e-01,-6.599551861013616127e-01,-5.500453062794828929e-01,-1.940061599284486904e-01,-7.794119963327221789e-01,-5.098752747307186972e-01
-2.242433294685957978e+00,-1.218628656994086512e+00,1.453070470587277008e+00,-2.874693126020652287e-02,-2.144634747468535441e+00,1.297907906293609692e-01
-7.481219427049572435e-01,1.023366702165366293e+00,-1.372406394675346419e+00,1.721694013362787823e-01,-6.031343112121793082e-01,-1.618151864900059800e-01
-7.469161383384420594e-01,-3.345371847601815163e-01,-5.346326727868689899e-01,3.983855136236696959e-02,-6.198886001807775159e-01,-7.386654766193379018e-01
-1.568516428338814439e+00,1.742848352247330090e-01,-7.941089646919988199e-02,3.277263415831205839e-01,-1.559182671140525667e+00,-6.777823554742025136e-01
-7.689119899011281900e-01,6.723433186372916870e-01,9.948527360207197467e-02,-3.252344859362584217e-01,-8.571455276449867489e-01,-1.955341880670427857e-01
-5.071103434952108913e-01,6.199782272741802824e-01,-4.267680524758353799e-01,-3.552196423803846703e-01,-1.091070975596060810e+00,7.823033296023406136e-01
-9.813066438517363821e-01,-6.425554203503407447e-01,-8.353449222211096759e-01,-2.215103053473933548e-01,-5.644208478524588291e-01,-8.410650534090605701e-01
-7.646315560322627380e-01,-1.760158625285448419e+00,-3.924490624976866848e-01,-4.230003048827086221e-01,-3.617119082494297810e-01,-1.083379662661529519e+00
-1.024644397899558745e+00,-1.017640392788800863e-01,-8.690139776427454610e-01,-3.304800327741970190e-01,-8.903257995951221471e-01,-8.004826127732999064e-01
-2.612509012962179744e-01,4.498606007062755374e-01,-2.293847388677262344e+00,-2.331819536169932039e-01,-2.827867136244516244e-01,-9.881750419608092972e-01
-2.061636897488617670e+00,-8.742617858913023440e-03,1.128249287361912323e+00,-2.869175964548158486e-01,-1.897978004782204353e+00,4.560623182174491919e-01
-1.015918847089148036e+00,-1.538410808023829679e+00,-2.515919511992704694e-01,-1.051424765360865266e+00,-6.717731037509026004e-01,-9.402113188997804905e-01
-6.679357737116631277e-01,1.075884919551787444e+00,2.029469208362574550e-01,4.703990139988663000e-01,-6.535005061617087385e-01,9.171962348712928703e-01
-5.398779351276633554e-01,1.590520379809884366e+00,-5.414452042338936399e-01,7.126008389822590106e-01,-5.203912083888713180e-01,7.437882132036913729e-01
-3.682814378970279967e-01,-1.140202998781940202e+00,-7.645167538336720137e-01,-1.692055634582801671e-01,-1.324656631823434016e-01,-9.315340860271107415e-01
-8.623699336141829042e-01,-1.051091309439007526e+00,-4.974594308219385530e-01,-7.549614333397449251e+00,-4.653722484684026384e-01,-9.860287752324197186e-01
-1.716450888894077931e+00,1.077257418059998917e-01,5.837757579185517409e-01,2.963614471938093575e-01,-1.565043075279773266e+00,-1.698260881814094847e-01
-5.600062152661139381e-01,1.463002582764188764e-01,-1.634804983802677247e+00,3.937473914099585692e-01,3.212513763886720025e-02,-9.333650313587456004e-01
-1.572181766505897915e+00,2.538801244244116850e-02,4.586541228514115498e-01,-9.155973659275713772e-02,-1.744741917659384356e+00,1.579587535884220129e-01
-1.577229653293238609e+00,3.007552438459187849e-01,7.608305180819853186e-01,7.808120318167206531e-01,-1.544642311536235324e+00,2.280199331170042198e-01
-7.361670172462732031e-01,-7.548508973196339511e-01,-9.213349955603585828e-01,3.363194710566257406e-01,-5.598385012216475776e-01,-1.020602692058949712e+00
-8.840523594511444649e-01,1.155555126677212829e+00,1.158410781766162634e+00,-2.226134389002454028e-01,-9.838355370110715148e-01,1.657579371128919510e+00
-5.655342587289122758e-01,7.333595117120395024e-01,-6.456949810053680405e-01,1.069113216991778526e+00,-6.993725838288428198e-01,2.761394779926040766e-01
-6.464905305789695467e-01,9.801228443450927807e-01,-1.027530491880749436e-01,1.517083396164442100e+00,-6.767788895297833784e-01,1.042084402716595859e+00
-5.686647896656714662e-01,-2.355524149512318310e-01,-5.666423761844567863e-01,-1.996132917492304121e-02,-5.840744571075952019e-01,-1.050447967623158840e+00
-5.560866661105113851e-01,4.490740375285997010e-01,-4.406871961711388286e-01,2.499962930846606757e-01,-6.370913933546453745e-01,3.762302184446719155e-01
-3.956883954163797346e-01,1.051844254116360178e+00,-2.222188420125129404e+00,4.148028983056068486e-01,-2.507204976694593079e-01,-1.270502735173837827e+00
-3.303260517693581977e-01,2.270092125285020912e-01,-1.492476798550839145e+00,-6.522949866755782811e-01,-5.533781321621953353e-01,-4.702535176812035478e-01
-3.245452103732954230e-01,-1.587187585178514881e+00,-1.064375239061859713e+00,-5.486883834041970595e-03,-9.267362419004122540e-03,-1.385454182420020608e+00
-3.220052653219038774e-01,-1.755163093435141874e+00,2.208492525113074090e-01,-4.781629585896339796e-01,1.029920747335240638e-01,-1.173122679015246250e+00
-7.414762980972018358e-01,9.282754057384328128e-01,5.045720912899221977e-01,-5.323168131741726761e-01,-1.095960688267885397e+00,5.921118997900710612e-01
-5.842171992552156468e-01,-1.774554464586158620e+00,-4.533629178848842534e-01,-1.041981612588459699e-01,-2.931848962261009439e-01,-1.254509189979107653e+00
-1.130541660099447343e+00,2.221286706732608640e-01,3.203191957733496076e-01,-5.550805442299211467e-01,-1.307430009558118833e+00,-1.106636588812404537e-01
-3.788626094715069614e-01,-4.333040571726406442e-01,-7.026389402158618978e-03,-2.128392192423471385e-01,-2.353233359903574018e-01,-3.614055043333279649e-01
-1.575810758932814526e+00,2.206439977794858176e-01,2.558647718318399211e-01,-2.136972354964953580e-01,-1.474603975673133283e+00,-3.482075540324160168e-02
-7.825043305880005073e-01,-2.395897418348802987e-01,-2.096091858146590520e-02,-9.803014814839224877e-01,-6.630337529192728008e-01,-6.820129974576945031e-01
-5.323858178782386874e-01,-1.745838330399218430e+00,-4.725759513762127217e-01,-2.995019194159380671e-01,-1.665532037510283059e-01,-1.302981464193294636e+00
-6.706357291669787779e-01,-2.058101068721548965e-01,-1.561875179437083760e+00,-2.864681795042972601e-01,-3.781260952510714923e-01,-1.007252688613868630e+00
-3.927727342139128996e-01,-1.581379930505462328e+00,-7.311322950184864222e-01,1.674423485508625131e-01,-1.190919174739371172e-01,-1.256050074199525746e+00
-4.056438549708888952e-01,1.671027886173316601e-01,-1.444036758983149316e+00,8.376976652375033028e-02,-6.822604639525113868e-01,-4.587909955490374614e-01
1.436590568807605828e-01,1.014755487310905480e-01,-1.601117760662985168e+00,-3.400462050242513551e-02,-6.225426902819009012e-02,-1.418769208263104487e+00
-4.883721965285637290e-01,-1.354603786381079811e+00,3.471870852912904981e-01,1.501925093534667577e-01,-3.761589718938421201e-02,-6.856231264253350721e-01
-4.780112885625845687e-01,4.535972500767177507e-01,-1.229346907611517992e+00,8.828012369009429205e-01,-5.614346705657470293e-01,-5.314903689019433441e-01
-1.510526013973993109e+00,6.218598471954320805e-01,5.353716292898329510e-01,1.404599952954111997e-01,-1.245457246355457848e+00,6.316762383164211681e-01
-3.219278984960795564e-01,-1.063808640497600377e+00,-1.335731392599190492e+00,4.537866545497928894e-01,-2.652757356431379443e-01,-1.437144383712043672e+00
-1.023582984130130269e-01,2.925907588200010734e-01,1.659578654228529779e-02,8.186535409159520493e-02,-4.512597302766842011e-01,3.165714711234833209e-03
1.138252634325831181e-01,5.591259353303643653e-01,-2.208728982498450399e+00,-1.243806553615718763e-01,-6.597058384033839540e-02,-8.992309424892550584e-01
-3.952042849191315654e-01,-9.799546897597236628e-01,-1.159901602818472037e-02,9.985073546073529316e-02,-1.690431903271075176e-01,-9.981484000498381803e-01
-2.206725791893164590e-01,-4.031164994664696022e-01,-8.247672300007974355e-01,5.612303995893811459e-01,-4.685436802333954875e-01,-9.047899579602427522e-01
-9.505330610636169020e-01,-6.218071974619318043e-01,-3.684213791343828870e-01,-5.763598998368576476e-01,-8.960585030143473073e-01,-1.023293022678430253e+00
-9.357002729667615037e-01,7.631749757069635764e-01,-3.663065499867886876e-01,-7.817763991445896288e-01,-1.166899915547703559e+00,-3.369958807916517696e-01
-6.854255927925311243e-01,-2.574963282020436006e-01,1.140073573337003099e+00,2.315517625187392681e-01,-5.283400317448689876e-01,6.892623074302013375e-01
-8.982635934843126169e-01,-5.173654092541962735e-01,-8.889099644104765385e-01,1.857584360173021309e-01,-7.061959446890448966e-01,-1.101232513246404698e+00
-1.240151992005650516e+00,-3.542127484532465731e-01,1.954576553682455808e-01,-1.297574078192927638e-01,-9.449147478943744627e-01,-4.040779879724483714e-01
-7.273014282237418859e-01,-1.824323818558041488e+00,-2.471724327331261406e-01,-1.663479066128946915e+00,-3.764684423473362851e-01,-1.148990722387501773e+00
7.871206564618210555e-02,3.643331246568300430e-01,-1.794112392488605767e+00,-4.440476087844034137e-01,-2.456248563353391201e-01,-4.033507566990897630e-01
-3.255472995316930351e-01,3.576173732012169482e-02,-1.420286945080023955e+00,-3.923900450323113825e-02,-3.181041571253552802e-01,-8.184904511213800804e-01
-4.078828432380524616e-01,-4.154861391135034054e-01,-4.406537280931483447e-01,3.190433407306140362e-02,-3.117661149971098222e-01,-8.802675984029442180e-01
-8.411422902687659686e-01,4.205493851166572927e-01,-5.530605501460386098e-01,4.870335017993262516e-01,-7.474735529104010734e-01,-7.863481768677065276e-01
-4.995369410744844862e-01,9.775997369756945776e-01,-1.109955303554925887e+00,6.702035942610516939e-01,-4.954760139958204190e-01,6.849024161781180897e-02
2.965853617119565966e-01,9.642549865109457663e-01,5.995199640504232930e-01,8.020043525610358326e-02,-3.094298735478958062e-01,1.724178591987750364e+00
-1.126067334207946080e-01,8.841207220080089524e-01,-6.497669557786767136e-01,4.256553747391613740e-01,-1.271483983908048010e-01,4.448452976194099961e-01
-9.863216057367445444e-01,-2.189162958201064935e-01,-5.118537530600846264e-01,-7.718161476743033711e-02,-1.108045623212394082e+00,-6.441514226168731927e-01
-4.571734640665420790e-01,-1.341958625178209408e+00,-1.131529782562425757e+00,-5.539149731512980554e-03,-3.369069129362370907e-01,-1.415907157580684972e+00
-7.099659180275181836e-01,-7.471495674579516078e-02,-6.186788409547757661e-01,-5.546307044446626699e-01,-5.811650322617736286e-01,-5.699360498762024996e-01
5.919376632838636160e-02,-6.609569270016159015e-01,-1.245863854162888446e-01,-3.836061113824389829e-02,4.794079388602009995e-01,-5.578519224376253804e-01
-2.626628160727232375e-01,-2.986413104509865191e-01,-1.005067054528635762e+00,-9.267811333798156581e-02,-1.834470009775300281e-01,-9.006896884017607796e-01
-3.944643907901727586e-01,-4.933295535714853353e-01,1.339189209921473334e-01,-7.282494111564024042e-01,3.479884478004016679e-02,-4.717670142254452581e-01
-1.977702113280633001e-01,2.070803399583846627e+00,-1.487942090982097953e+00,1.138414477785630208e+00,-5.585238068178387527e-01,5.199916513138919116e-01
-3.450073804207976630e-02,-3.568730659301080355e-01,-1.219328678813152322e+00,-1.175579756800691600e+00,-1.082016646445636276e-01,-8.869082614052666846e-01
-8.086697437068101069e-01,1.362641130080291418e+00,8.826481172999842695e-01,1.714225906187168691e-01,-8.656740563162531599e-01,2.262460541317870000e+00
1.097003300645854329e-01,-2.528187852558034798e-01,-1.818640432870896495e+00,1.022934697542369868e-02,-2.526226491416622699e-01,-1.401080000327607822e+00
2.152455236493093504e-01,2.574391191275517965e-01,-9.981475997176172399e-01,3.700887785793263024e-02,-2.875702637541623433e-02,-3.871859743064677284e-01
9.298561362824153687e-02,-6.393898346918815978e-01,4.952986786615300868e-02,-8.563455606396277453e-01,4.705150953952357828e-01,-5.654370150498885250e-01
2.079799870733953782e-01,6.238152389054925362e-02,-1.371110964447297187e+00,-5.403538303977982737e-01,5.842452400154783954e-01,-6.705134341801152198e-01
-4.687869225709497822e-01,-3.048934261201462909e-02,-1.664734939752672283e-01,5.830965934372946968e-01,-6.295872884236899392e-01,-3.884850750294332467e-01
-4.624423423512229459e-01,2.639946637971484211e-01,-5.110849328030537819e-01,3.942218683660602685e-01,-4.058388982056181926e-01,-3.406606779795300910e-01
-4.355832884710769681e-01,-5.124439049870338492e-01,-1.083456261188253666e+00,-1.294484565693596323e-01,-4.792576333541490596e-01,-1.190266757018275001e+00
-4.015219505657274257e-01,-2.605929629738585329e-01,-4.843626041634434554e-01,4.623794725658243732e-02,-7.275768156062492609e-02,-6.532207890019883223e-01
-3.414577770380529675e-01,3.539925039736131485e-01,-1.843073688731487136e+00,-1.240553545016970238e-01,-3.205736837900218239e-01,-1.613738531539940624e+00
-2.173807555976539074e+00,-8.245605482613451720e-01,1.481746175506002405e+00,1.243368274513870081e-01,-2.017797977640352958e+00,1.260713162260876652e-01
-6.873746953379773483e-01,4.378634882827003305e-01,-8.513105504614813801e-02,-2.454565078476851903e-01,-9.461324374452900754e-01,4.518616371647738439e-01
1.707468004171810161e-01,9.197664839748440624e-01,5.702037782211454298e-01,-1.488132023796644721e-01,-3.523609874997271074e-01,1.254820134153743716e+00
-1.184440963478526065e-01,-1.603453299530955833e-01,-1.558689208942880544e+00,-4.889338561073758860e-01,-2.819530269243769038e-01,-1.655649578498788355e+00
6.489532079862533331e-01,1.745818705271124927e-01,-1.785592683684847026e+00,3.110478225917485129e-01,6.613540241200080994e-01,-9.229061355675085565e-01
-6.276402607020595825e-01,-2.682106929060688039e-01,-5.432942163704378435e-01,-2.283130748747117522e+00,-4.107570289085263338e-01,-6.869260449228222765e-01
-5.173749999777035313e-01,6.479626620152980632e-01,-4.548736578053706459e-01,-1.118673897784851767e-01,-5.487079796724380065e-01,-4.635202612814179890e-01
-4.645237142422444232e-01,2.562051469568644158e-01,8.261156812201195798e-01,-3.355031403499803555e-01,-8.715235113779726817e-01,1.215005655188474476e+00
6.572738452045494562e-01,-3.028166390839405198e-01,-2.246109323431006999e+00,1.043660144234513698e+00,8.179927291615871621e-01,-1.239906358402647735e+00
-1.042730465974505416e-01,-5.315859209096151020e-03,-4.003942385611406474e-01,4.178524952054942787e-01,-3.143647123752518757e-01,-8.879024742413507143e-01
-1.929095530341274345e-01,-2.700067937332262802e-01,-8.402128192690682118e-01,-2.509978542278313629e+00,2.636914734179881536e-01,-3.462739737637872128e-01
-4.753905354065269262e-01,-5.491232630993700958e-01,-7.322952994263027815e-01,2.650798794372355993e-01,-3.915924330864660186e-01,-1.001428515341191261e+00
-4.913940430341100750e-03,-3.933107695458502029e-01,-1.076456982105080895e+00,4.154095252124098692e-01,2.734964607233287270e-01,-9.150205730783835811e-01
-3.037592690841656173e-01,-1.036522973330157527e+00,-4.918311392474085109e-01,3.468760351920420426e+00,1.670842930891741906e-01,-7.967588717750392346e-01
-9.009613623724223308e-02,7.028390947166723857e-01,1.339245615569895353e-01,-6.372446928901870367e-02,-2.126073883461126746e-01,1.130754831817034844e+00
-7.810568276837015489e-01,1.829885867359056562e+00,7.960617448906487370e-01,-5.055994659233548072e-02,-6.402894317324259177e-01,2.294652149676804864e+00
4.741235914725199230e-01,-5.849731482170802410e-01,-1.103233133770752383e+00,1.218566902846678485e-01,1.122668887877275035e-01,-1.077781496316673859e+00
4.021567195149380880e-01,-6.785815545235720503e-01,-9.623268891843904660e-01,4.631993138902078949e-02,3.042558036207932970e-01,-1.533627420544694697e+00
8.782594050407793729e-02,-4.388942326191181409e-01,-2.268444218363910303e-01,2.790306069547454637e-01,7.326727878988905651e-01,-9.855260369956179156e-01
3.373025680281291350e-01,-5.076800334251974772e-02,-1.633129162662292133e+00,8.626028160230151398e-01,9.792623503156991371e-02,-1.377714190154596618e+00
1.382029619804588105e-01,-5.380904607444837451e-01,-8.207879527527882635e-01,7.810323837154949100e-02,4.442788823718951119e-01,-1.074794680830234439e+00
-3.777734892766445585e-01,-6.232899906062028261e-01,-1.258646313311153175e+00,2.975844424458821968e-02,-2.177330765181770267e-01,-1.092403485870031110e+00
-8.546351490064620915e-01,-5.884535003466109249e-01,-1.908349276437289188e-02,-6.734928197446675702e-01,-8.688193922039275652e-01,-9.945413971314034374e-01
5.806127092519652866e-01,1.097882715523142982e+00,-2.140761048657920274e+00,-9.283031256473205373e-01,1.311330202983988225e-01,-9.150700269895064576e-01
5.897925866191918720e-01,-2.539647278318696300e-01,-1.463865087234295759e+00,2.487577819425929593e-01,5.362515072047483455e-01,-1.339123360814761021e+00
3.175007632189569828e-01,-1.629384330042700446e+00,-4.391130281751511322e-01,5.279473858750972637e-01,5.961614023955033037e-01,-7.687079210457640199e-01
1.528298362903406094e-01,-5.650427984941271964e-01,-1.051548357788260946e+00,-4.730365665813913156e-01,5.809450563859176464e-01,-5.870341420265610122e-01
3.043022075343659871e-01,-9.541067911884508479e-02,-5.243109531594163375e-01,-3.063115601456458115e-01,7.800060241620260237e-01,-6.139447140116549573e-01
3.148366781569842399e-01,-4.842604341891774133e-01,-1.386303421809933267e+00,-3.750548200277797339e-01,5.481850992800982869e-01,-9.397959876071139140e-01
5.925100448061655367e-01,-1.721436691997539348e-01,-9.901926589720797534e-01,2.497581525591647533e-01,3.569335433984596184e-01,-1.335653513119113178e+00
6.615117105710875689e-02,-5.784060506007080438e-01,1.143862330032876032e-02,-9.044449725051780312e-03,5.515319475799324023e-01,-3.453350145225961287e-01
7.360932573514300525e-02,-4.637663110242248865e-01,-9.816242881207666582e-02,8.251709071049489808e+00,6.169436397951673090e-01,-7.180019753056983145e-01
7.256692565577776977e-01,-1.170335824319347906e-01,-7.740779019646710779e-01,2.383514243485860551e-01,8.579894891195486428e-01,-9.155987076744227515e-01
-4.329616512970143050e-01,-1.463185520474063583e+00,-3.470260324139798347e-01,-3.829865232121944518e-01,-1.836326418897410995e-01,-1.248758737527436047e+00
-9.842153939812482710e-02,2.201652821714092378e-01,3.545968766288258578e-03,-4.889430893778607540e-02,-1.872436035782677199e-01,-9.344725385221166469e-01
-2.563059651122640004e-01,6.202256906538111680e-01,-1.304229345536080720e+00,-2.435596712046194379e-01,-4.212013150775846260e-01,-6.067887112217961176e-01
-8.142687489571175385e-01,8.137718641471945735e-02,-5.341260483033029027e-01,1.358503680834711957e+00,-9.830148451848331748e-01,-1.202123301533332689e-01
1.391395091072854251e-01,-1.231697484978762636e-01,-7.234039206021509738e-01,-2.703506494568047036e-01,2.076505590153748804e-01,-3.662089903861832085e-01
-1.316513404179998403e+00,1.170003159867085030e+00,2.128011465436471239e-01,-2.689907001774457518e-01,-1.928757075798123388e+00,5.800970431476857314e-01
-9.079422867469470748e-02,1.937222432024950258e+00,-2.718599810193785826e-01,5.571197693822416142e-01,-3.480536514777081702e-01,4.314207656568336824e-01
-7.221513411581688135e-01,1.591361392176220857e+00,5.668395506114843885e-01,5.612508647907908932e-01,-7.966666125171956159e-01,1.962957538142310332e+00
-7.933189684810457720e-01,6.704575553959412071e-01,-6.362394058135999453e-01,2.778544780313002005e-01,-6.077757933863167095e-01,-7.060390145874070322e-01
-1.940641887355349371e-01,8.053004408670109138e-01,-9.770268682389189330e-01,-9.534120109263296561e-01,-3.801197316968162321e-01,-1.531566403528128451e-01
1.732932392013276202e+00,-3.211465392442898747e-01,-6.160107045832367012e-01,4.721925380204899936e-01,1.765351447069115620e+00,1.092253349367654502e-01
-6.919302482326661341e-01,2.993797640413484729e-01,-8.334280479116124019e-01,-6.334652536616335317e-01,-6.078904671143814387e-01,-5.226858278805429636e-01
-6.967138990822034916e-01,2.394426978215770663e-01,-1.046276165512536771e+00,-2.879965861440211827e-01,-1.072877585303386727e+00,-8.679413414754348910e-01
4.806102576712740770e-01,1.470077528810589618e+00,-1.519339863259032475e+00,-6.118568198711459294e-01,4.063445302468707276e-01,4.744519621238219020e-01
2.137371429001447554e-01,-1.635819358431443160e-01,-7.369175781031299666e-01,1.123550862780563625e-01,5.577356233422413601e-01,-1.161774757945082559e+00
-7.558223033092714704e-01,1.814458952704816497e+00,6.060173014989719276e-01,5.114657387386096765e-01,-9.305326032471518127e-01,2.125001843854714689e+00
-1.237524954361635537e-01,1.542837273404475962e+00,-5.027147379738918787e-01,5.440097500835278099e-01,-3.559402888834000689e-01,6.677523711577810772e-01
-5.808001402205176245e-01,-2.653893974297201752e-01,5.979241257060288577e-03,-5.346860914980074153e-02,-8.034359834653970189e-01,-3.658172619798418235e-01
2.148810534562764496e-01,8.517544574449001926e-01,-1.035224484628405994e+00,9.581702889678882507e-01,-1.174589230657574652e-02,1.653859815072132866e-01
4.375429352413375272e-01,-2.027792794689234068e-01,-1.424767607130837277e+00,-1.954980900246130193e-01,3.692931785116370103e-01,-7.829025312562506445e-01
5.890574099913000738e-01,7.502988372775912795e-01,-9.619480887510105660e-01,7.469251537159342647e-01,3.877860389522078122e-01,3.935910271972520996e-02
-1.893216552933524865e-01,1.283965804913227204e+00,-1.254835367916200539e+00,5.824152093484822323e-01,-2.503393785536999760e-01,3.882100421970095527e-01
3.838061582236342861e-01,-8.841679811443947656e-01,-2.452115722592567923e-02,-2.981568257304399450e-01,5.540225498017722350e-01,-2.578330033646084041e-01
6.605764559997626476e-03,-4.887836728068946368e-02,-1.068994745271888203e+00,-9.281253954903254111e-02,-2.767146817481055399e-01,-2.232636612086437156e-01
6.574399892757962771e-01,5.532314557762697538e-01,-2.175195539820640622e+00,3.725480361358058379e-01,4.834345532940664825e-01,-1.348206154991673955e+00
4.615559707760831798e-01,7.695304022259351617e-01,6.320446029423798517e-01,4.631830290841415509e-01,5.939066892739859327e-01,7.747568643915270226e-01
4.247295065461463293e-01,-6.718956867119266763e-01,-1.048838660410826407e+00,6.689556679987762600e-01,6.208880971006563998e-01,-4.714503972295220890e-01
8.024901071064552971e-01,-2.973981233301403390e-02,-5.004479707804401212e-01,4.344191885026615352e-01,7.002487863083204367e-01,-9.930467826748909377e-02
6.181301274421485692e-01,-6.605435688327654375e-01,-1.137277561629367995e+00,6.173181720450079957e-02,7.391073683718406562e-01,-1.136143135689399397e+00
-1.652058992042180208e+00,-1.371723194268364802e-02,1.995370862451270044e-01,-8.250119278320844352e-01,-1.529842736419177784e+00,-2.399506795995537678e-01
1.829523556737336354e-01,-2.116701033377557106e+00,7.455137510945311075e-01,-6.925574233621198950e-01,4.041080013137738347e-01,-7.657709640956394948e-01
-1.101873858753396940e+00,-1.709050865140691711e+00,1.096913825030380873e-01,-7.513715369376664510e-01,-7.791839052258289211e-01,-8.904155425342183960e-01
1.003732663136377656e+00,-5.156401052675356755e-01,-8.707401643256024171e-01,2.822967234304299966e-01,9.192131874688298510e-01,-8.045464274942529803e-01
-4.838336147320820291e-01,-8.838210540648798741e-01,-9.710462955876826285e-01,-7.581300710418149569e-01,-7.135928785647265293e-01,-1.374287131629400749e+00
3.083970235943761518e-01,-9.586300235043944129e-01,-9.159418977643997151e-01,-4.039231853569560937e-01,3.336333658836482807e-01,-1.346521101997929293e+00
-1.647117234454943679e-01,-8.515636692003075714e-02,-1.066546072861827010e+00,4.710642739895982145e-01,-1.545511756430330841e-01,-1.511583639663347522e+00
1.440884178139479055e-01,1.536432558609442500e+00,8.014364169075572919e-01,-1.041268725932862571e+00,2.095224718336650693e-01,1.718663283108092132e+00
-1.481149919344738608e-01,-1.184727588995976966e+00,-4.893660912282700171e-01,-7.748433625219601495e-02,2.135920639720847169e-01,-1.090918372043678586e+00
1.377788069106167523e-01,-7.832171236827686345e-01,2.881553886629374395e-01,-1.111700859617166109e-01,6.217387760586018386e-01,-3.902937607065439796e-01
-1.246092207983774160e-02,-1.843933603136719057e+00,-3.421891714374093452e-01,-9.367275722485994827e-01,2.714756339316273803e-01,-1.185310790032108930e+00
8.197829994207268545e-01,-4.589706401941543445e-01,-1.380095302405818236e+00,1.594725620508766206e-01,8.511024000618442331e-01,-6.075489655597737793e-01
7.707780810020952167e-01,8.585098910744799472e-01,-1.768742481645779963e+00,5.300492691780183119e-01,8.802983778613093779e-01,-1.349902399068027892e+00
3.954786151585910625e-01,7.542175830251282020e-01,-2.181091845049990763e+00,-7.800193234775428808e-01,-3.776316022739056779e-03,-3.075586075823310561e-01
9.339596144491816299e-01,-3.391531964198771787e-01,-1.075519780072118570e+00,-4.685859208654293284e-01,8.476031068319155315e-01,-5.457121758288799862e-01
9.018802442151512000e-02,-7.940630237560276639e-01,4.038561001619648816e-01,-4.165044639079512057e-01,4.199479343543954801e-01,5.937723242136340451e-02
3.654506600958171703e-01,-3.592043069278033629e-01,-4.265056638798989663e-01,-3.632488230668312057e-01,3.228338306555019743e-01,4.204509262528543512e-01
-3.329052257221215005e-01,3.587121484114594305e-01,6.590639473461210596e-01,1.229309160358039721e-01,-1.177666387387799191e-01,5.798434074943997762e-01
2.150994671132368252e-01,-8.624822616031504463e-01,-8.669223266410941431e-01,-6.562243349139078308e-02,4.060075612585000715e-01,-6.714506527317738449e-01
6.096385160235503475e-01,8.806745315584481038e-01,-1.818592487057524298e+00,1.441933598004611738e+00,3.963446776457740794e-01,-1.357290198509993218e+00
1.566836572715844811e-01,-1.084856928782632901e-01,9.760183825474534614e-02,-4.080266273735178029e-01,8.153892651261154256e-01,-4.952382715934969259e-01
-5.308493483303828864e-01,2.780324223371337666e-01,1.198519094258465367e+00,-1.147290225420081744e-01,-4.016308342139587317e-01,1.342763187884552289e+00
7.457047832975011170e-01,-5.783934853319517844e-01,-1.262010767230211661e+00,5.323157466790974013e+00,8.282617667480872692e-01,-6.823908084138017305e-01
1.347924376241991018e+00,2.997344564073958217e-01,-7.576132935406093560e-01,3.581682723022391879e-01,4.710066037827612129e-01,-3.585493363371704545e-01
6.401961334297892048e-01,7.274360398511781067e-01,-8.179471274353254939e-01,-2.796552970415838169e-01,6.564818363942279689e-01,1.502088262210555525e-01
1.171203848189914298e+00,5.773780514169277733e-01,-1.162243264721174452e+00,7.200763316713345574e-01,1.443555022271115318e+00,-6.398726527570505196e-01
-7.794187692696200598e-01,1.145582109839974994e+00,-1.077360085621077712e-01,1.126407098732572054e+00,-1.072622677807992808e+00,7.906587066699385380e-01
1.950868252026670413e-02,5.618760126052438908e-01,1.033923121913116888e-01,4.182029688268828482e-01,-4.929296724958976972e-01,1.107265765146198122e+00
1.358173174583914844e-01,-1.979530131245862634e+00,9.793511639393275292e-01,-9.248313141651796077e-01,3.621024628144521307e-01,-5.976651877015345393e-01
-5.578532054394611528e-01,1.706034728530372080e+00,7.698602359760675640e-01,-6.232966419473653374e-01,-1.101650500292616019e+00,1.772439987226868130e+00
5.073736177426723115e-01,8.121742555856439338e-01,-1.729696238863103419e+00,8.274177788928565036e-01,2.094881588483796242e-01,-1.207520537592869925e+00
7.446440019031989044e-01,-8.985356699928026547e-02,-1.629112964070997815e+00,2.216302836154349087e-01,7.248919602807333273e-01,-1.229972755821553188e+00
5.932544790629969977e-01,2.137851567295876887e+00,-1.682428056514945647e+00,8.058490915679168420e-01,-2.037734807101373447e-01,-5.764971299648902203e-01
-3.994836822161477174e-01,5.931710419296865044e-01,-7.107223818050799613e-01,1.662235133186901748e-01,-2.290861642775019746e-01,-1.217967023832779855e-01
5.816714990910430982e-01,1.374341951954223262e+00,-1.568429562575471170e+00,5.572272821620997130e-01,2.865383867982577715e-01,-2.251025230042718317e-01
7.309225843974813674e-01,9.071228502018956474e-01,-2.011298726821252991e+00,2.750674615048732674e-01,5.249451542431941009e-01,-3.898629122579768680e-01
2.916068255094094175e-01,-1.102335984032361660e+00,-7.949653548117897872e-02,-1.094665424443203694e+00,5.835216817847359572e-01,-4.470273155300394929e-01
-7.409230949002042488e-01,3.375560549065433347e-01,-9.809117184597642147e-01,-2.858349985758302791e-01,-8.427111662712065687e-01,-1.046243508411290879e+00
-3.916302662047056460e-01,4.787524537105631306e-01,-7.581656919104323711e-01,1.179380398723388179e+00,-1.823774317932604361e-01,-1.955906630035388338e-01
3.574704538067127735e-01,-4.746135780185552488e-01,-1.384036131651299462e+00,-1.077491696877649341e-01,5.953150878686372938e-01,-9.653930215923507419e-01
7.848921444872370978e-01,1.916911465702423045e-01,-1.086322912307670085e+00,-7.819281686272210319e-01,9.945827151118205034e-01,-9.602051359262834263e-01
7.274205003351101873e-01,-1.843315791159913175e+00,1.238454821142597889e-01,-4.804358362613592170e-01,1.070681828185705564e+00,-5.826024105366376382e-01
5.031940144956379424e-01,-2.773606067312407997e-01,-1.456692587213907597e+00,-4.453654591968268101e-02,4.097997802582639126e-01,-9.947881683820642973e-01
-6.907977880511365631e-01,-6.986121554572248815e-01,-1.915365664232977494e-01,-8.404316959918401997e-01,-9.371600734262184318e-01,-9.235074097151827477e-01
1.651740477079778890e-01,-7.204222395065543738e-01,-1.029753800554148668e+00,-2.553889522652435518e-01,4.186050268798427454e-01,-8.818120371330662177e-01
-1.518203229794481968e-01,-7.483027170136030692e-01,2.235008640252241496e-01,-3.318259721291749176e-01,2.281694198717399702e-01,-2.996801100427164966e-01
6.465023173690093161e-02,-1.482707211005348302e+00,5.909078919554930920e-01,-6.844948105422408169e-01,5.940077448639727864e-01,-6.931749029789182615e-01
1.929542563777219416e-02,-2.441800023590571522e-01,8.114903466574608509e-03,9.787862450569483341e-01,3.441627428016210688e-01,-9.286423708398308663e-02
1.027011253817750935e+00,8.559021373629901452e-01,1.175186109035838644e+00,-7.289636635989942270e-01,3.705471106589808827e-01,1.994480422937575881e+00
-1.656736178312085528e+00,-6.166945230927787236e-01,5.658142600175218861e-01,-4.821266114411940085e-01,-1.642217406617448194e+00,-1.019699937332958939e+00
5.811813183379258563e-01,-2.129593721227460712e-01,-2.085703946645391937e+00,-1.078368471521092165e+00,6.118174444691266700e-01,-5.321957426788951340e-01
-1.861655989422036361e+00,2.677638224110194809e-01,7.765560300588186804e-01,-1.582449822762317382e-01,-1.818819086683704622e+00,-5.477253910176604207e-02
6.035740873418300456e-01,7.182892697865637111e-01,-1.069188879720729402e+00,-9.523540220292047165e-01,5.324011588072968815e-01,5.910363269745703141e-01
2.864555058857288020e-02,1.719872679196183363e+00,-4.785724311565167644e-01,1.016895832759922902e+00,-1.023659461210005145e-01,6.272563022058452731e-01
-1.008083064855538474e-01,4.226910851176053363e-01,-1.180680572810559603e+00,4.935469045102797159e-01,-3.031501550474919870e-01,4.058172602790467431e-01
5.898792416485095780e-01,-4.063366994185418357e-01,2.150196853620283122e-01,-3.602082184524117436e-01,1.064597419004652989e+00,2.302130806015335179e-02
3.981199090277480757e-01,3.966043270205039106e-01,-1.353091417473576419e+00,1.462202447677046491e-01,4.991204991078306286e-01,-1.757265024402882236e+00
-9.493997874197185327e-02,-3.093289703549043090e-01,-1.486894340694447925e-01,-3.995982906926320855e-01,4.033552673400500055e-01,-2.074644530827717270e-01
-1.786806880719782054e-01,2.566019049991460133e+00,3.504177187397681248e-01,4.988493085262398208e-01,-5.271549859908792879e-01,2.159651223646092078e+00
2.885358968968935178e-01,-2.367606420373953746e+00,3.096763828667056240e-01,-4.607798291664035734e-02,4.286088896144417126e-01,-8.565363917156871842e-01
7.126094951885291184e-01,-1.086317662557808039e-01,-1.651744879415013856e-01,-2.666493796558265794e-01,7.014247933696472481e-01,-1.816438092609160282e-01
-1.536001223534498861e-01,2.042168994092016465e+00,7.639399073593196310e-02,5.690348577060770907e-01,-6.740907054024009026e-01,1.558058344269899642e+00
-9.149916538888029915e-01,1.830880613140082325e-01,4.948491386342207532e-01,-4.593105052556666901e-01,-1.160993763343242335e+00,5.673482966631452351e-01
-1.046180850418520353e-02,-1.146778153862611838e+00,1.194374435130473866e-01,-1.012242079466060707e+00,2.532655374369141010e-01,-6.984597139878699901e-01
7.063420032473237686e-01,4.725390855643781807e-01,-1.151982095811138640e+00,-3.921696762817170057e-01,6.094904010323871635e-01,-1.265429792659407582e+00
6.984051954838932375e-01,7.148805847148030912e-01,-4.020680073763528983e-01,8.297300083843724972e-01,5.985030872675782820e-01,5.328637984296663577e-01
-2.229440507154637763e-01,7.292819792413417213e-02,9.808698774934495601e-01,-1.101545919559487052e-01,-4.471754464659303263e-01,1.359054553491426232e+00
9.105511834015720396e-01,-8.770460793189164272e-01,-7.583135731972979743e-01,5.056675314225026613e-02,1.163310403460205977e+00,-4.595409696259218357e-01
-2.556567226661430117e-02,9.109665019651455031e-01,-2.624267495057762134e-01,-6.051130004159449571e-01,8.348515707589414248e-02,7.854471524489415879e-01
5.221562402986655860e-01,1.383846040388478249e+00,-5.708907318557506633e-02,6.721645890286473968e-01,8.818080209100866984e-01,4.939424717299332190e-01
4.642553928209992575e-01,-1.529591055173570580e-01,-7.226714624102718032e-01,4.669447924419040108e-01,4.967657877751233686e-01,-2.053661779521558373e-01
-9.646024820717639114e-01,-6.726764602175664409e-01,-6.013563064964901062e-02,1.654939824474976895e-01,-1.109237643810984109e+00,-8.892018323117505396e-01
1.208258014643670553e-01,2.354324770468610162e-01,1.055859010969568246e+00,4.762327366757937441e-02,2.975123284170881899e-01,9.840977614349089020e-01
-1.536329636327105952e+00,-7.620713573582399425e-01,3.947030641511409810e-01,-8.949869616894307045e-01,-1.478574934848760680e+00,-4.680846931644460085e-01
4.201467666497814557e-01,-2.373606576933792400e+00,1.433726742486245431e+00,5.513498209481913076e-03,9.858678870674418837e-01,-4.553427635459463274e-01
9.187374205238864333e-02,-7.314366693886673043e-02,-2.802317518326560286e-01,5.397080549519315262e-01,7.475937093331959382e-02,-7.736864500022850866e-01
7.837919879847332627e-01,1.758513920237027905e+00,-1.040485699964377453e+00,3.453129968398069849e-01,4.066895897486034750e-01,5.799511691459251495e-01
-7.250468425117883031e-01,-2.595192385506647770e-01,-1.195279570239250605e-01,7.720246802527009899e-01,-7.686170732410263495e-01,-1.006042650554607620e+00
-6.363864755561880748e-02,2.793550193394728876e+00,1.792176358944570502e+00,2.173490677797396686e-01,-5.110958494527961804e-01,3.175226513275970053e+00
1.904595075923242453e-01,-9.215704108718988374e-01,-5.634161059668313376e-01,-4.498311141673898561e-01,4.355873367890892855e-01,-9.052431753986859286e-01
-7.974102271962121846e-02,1.345946682044254272e+00,-5.824807706849807198e-01,-1.087296774907781760e+01,-1.950334127989316879e-01,2.430654298160688231e-01
8.830974679557561380e-02,1.675143493023588892e+00,-6.671555995474272027e-01,8.613469404676300512e-01,-2.773845143639886990e-01,1.027733292798118425e+00
5.106967246968724394e-01,1.158969370767956308e-01,-1.722529618706660326e+00,-1.062133647116759061e+00,8.620386843647634967e-01,-9.704646519509679825e-01
8.804956541889179533e-01,-1.203029640058519201e+00,-8.254734545513757737e-01,-6.679118522020798254e-01,8.570583555122691655e-01,-6.434441640960901765e-01
-4.309158046477354898e-01,-1.396335063965107315e+00,-1.258924211933441228e-01,-7.183302719386587265e-01,-1.094530792673738956e-01,-8.676499858892626760e-01
4.515333519068921997e-01,1.217813362070334637e+00,-1.915879579667195687e+00,8.244000919213380074e-01,8.074498874040619834e-01,-1.368977218816705976e+00
-9.600897372758666615e-01,-1.601040355817337169e+00,9.366581682678931653e-02,-8.946003216032917260e-01,-8.122316927436507017e-01,-1.012210227164532128e+00
1.870770004537979592e+00,2.324664318017334308e-01,-1.474879239728055902e+00,8.278387531598729865e-01,9.770848295215556201e-01,-1.321055451545652293e+00
1.965177490182259679e-01,-3.375881387206368656e-01,-1.451807907207657955e+00,7.503483110140072299e-01,-4.951339652898702030e-03,-1.599387433976545703e+00
-3.123256850327917333e-01,1.593958929042620154e+00,7.048701436629591921e-01,-4.497931379391680723e-02,-9.507511757557471910e-01,2.005226174106502945e+00
1.301187202394828768e+00,-1.022410161233346937e+00,-2.191273539484026589e-01,6.711995801121559135e-02,1.688312524952756855e+00,-2.236836276521609879e-01
9.663606455916529114e-02,-1.451857804029283550e+00,3.531704324195606426e-01,-8.377062737711855889e-02,7.467351838773451655e-01,-2.475487328207508497e-01
9.824004501083120067e-01,-9.288315323337313634e-02,-1.004076162782646886e+00,-4.363385703740052524e-01,9.661087219905499790e-01,-2.195051839709718233e-01
6.257205148892477364e-01,-1.510805983188431290e+00,-4.995706416772899977e-02,3.808680989343016798e-01,1.021774119316625207e+00,-9.000930245393584661e-01
-2.510965463145612420e-01,7.948604141351452990e-01,-6.479048785155047119e-01,8.362334885734302725e-01,-3.452061705605548037e-01,4.688762013757200725e-02
1.701011112487222365e-01,4.469567548907542043e-01,-7.462184751953885309e-01,1.932446123308050878e-01,3.081619492527369331e-01,1.509981431026678200e-01
5.100287244411535470e-01,3.968788911722410107e-01,-2.378489697073882692e+00,-1.372416431834732942e+00,5.646927372501262532e-01,-1.178387887336773465e+00
-4.644721995477079091e-01,-3.976843390293636205e-01,-5.723616741629191651e-01,1.096214443187099263e+00,-4.357474014461149361e-03,-8.203228470312384779e-01
1.231522890051933716e+00,9.354740164303593231e-01,-6.445505039844121598e-01,-1.294772798041275708e-01,1.232745703581648256e+00,-4.629839354075440117e-01
-7.288470956105526088e-01,1.005823652747616981e+00,1.259693001916911026e+00,-4.995459368968218072e-01,-1.162615530447370205e+00,1.296867638915385479e+00
-1.394983804559331242e+00,-1.176122286853647170e+00,3.783838710007127459e-01,-5.753915519045855742e-01,-9.133062151925254168e-01,-6.719774760016887782e-01
-9.514523973454791506e-01,1.030557748670940077e+00,-4.776249972691906827e-03,-7.267299122351984497e-01,-1.186494301159459974e+00,1.369882723149098702e-01
2.881515841224998598e-01,-1.668037955516399773e+00,1.652031114959006342e+00,3.244403256980325778e-03,1.222776008467170161e+00,-1.637449700231487781e-01
-1.611006549129562482e-01,9.668260607053311834e-03,-8.483726138562067698e-01,-9.919024881629809887e-01,-5.135828148696717360e-02,-1.217148230379154539e+00
1.022361268050381161e-01,1.851969045098323274e+00,1.270024097749132608e+00,-2.524910487069496196e-02,-2.997963327361782837e-01,2.771328773507261367e+00
2.483249401130356304e-01,8.393699818280624114e-02,-3.791794814882690767e-01,3.223170731339035089e-01,5.893924197549762489e-01,-2.518888366666632850e-01
5.086420722593619770e-01,-2.552669972698052847e-01,5.620396221145738114e-01,2.507084639087495681e+00,8.809352872333652273e-01,1.665818723380770583e-01
5.359738057066429917e-01,1.038740068822875395e+00,1.689006053055179535e-01,9.899737038872563621e-02,1.732003992014529703e-01,1.034368521237544636e+00
5.290173306521167573e-01,1.297725918126504396e+00,-1.365437809941580705e+00,5.168509619856193060e-01,7.956410412112797925e-02,5.746976896630973802e-02
-3.785535087307963509e-01,-8.305954059288985780e-01,-3.158427049259882047e-01,-4.936510568433530866e-01,-1.197841537681122309e-01,-7.112300022337431082e-01
7.303789616643100446e-01,1.114657652417561096e+00,-6.670624119449122813e-02,6.560407728380220904e-01,5.177901007421157331e-01,9.339377142988399827e-01
6.918669201706897920e-02,1.033493827452858005e+00,9.452773426747855812e-01,-2.301523004223363922e-01,-4.652134369519557444e-02,7.954677857437838506e-01
1.109212151665107809e-01,-3.229362371467693893e-01,2.996370927153745867e-01,-1.446712216575952503e+00,4.022568570917241515e-01,-2.545257366030010404e-01
7.103199724240407686e-01,-7.744098543046827876e-01,-8.699908457814704565e-01,1.651494285124673334e-01,9.394379060032672646e-01,-9.458137142828708654e-01
-1.533198772855871361e+00,-1.781373094656855116e+00,5.665077738522840134e-01,-2.266987272119752872e-01,-1.383971188339520264e+00,-7.432780715044132736e-01
6.720435583333200791e-01,1.325790058727589926e+00,-1.337572059312969186e+00,-4.587636826542373231e-02,2.412145879768307910e-01,-1.956041236613429990e-01
-4.535213075846138836e-02,-4.482375590843192259e-01,1.400281075439769873e+00,-5.864388142083076794e-01,1.590131016732276859e-01,3.844140665018330183e-01
1.121667102237451585e+00,6.145174265657107338e-01,-1.672377693497760998e+00,1.372430278583066654e+00,9.874475408671347099e-01,-1.707212354368674856e-01
1.376260271081873876e+00,-1.067104855143264031e+00,9.647662008537809530e-01,3.021396530480560672e-01,1.655909147454495134e+00,2.499913162872078043e-01
-6.484225964742657000e-01,1.436892253149386622e+00,7.960942213783146482e-01,-7.473810703871695306e-03,-5.985662194679722825e-01,2.235212425134379899e+00
-4.603255080895244933e-01,5.028537422058304562e-01,8.379339044057919628e-01,-2.150282769741383992e-01,-6.575596760229961424e-01,1.400757792664275581e+00
1.238032113001458434e+00,-5.986910020407700816e-01,-5.366398490654987752e-01,-5.042704258634805176e-02,1.204822048036797488e+00,-8.718552075791377587e-02
-2.085655022116069901e+00,-5.774019705029215244e-01,1.217845962820201633e+00,2.148578241538532108e-01,-2.129012493528136929e+00,-1.770712661901620577e-01
8.826710601301017700e-01,2.597638598343567917e-01,-1.618814049033674429e+00,7.823320381396124956e-01,6.997281175651870466e-01,-5.628845014026209181e-01
9.373445215604128133e-01,4.818770735048756304e-01,-1.365655031271916231e+00,1.054996061720655076e+00,7.740207525684786871e-01,-1.022627914906394153e+00
1.023555794411878272e+00,-1.818486701764203239e+00,1.114050067308647529e+00,-2.979353167047123496e-01,1.479879870688073140e+00,2.634253887176289943e-01
-3.677503138744963040e-01,1.648913769252161821e+00,-5.654220540844510229e-02,-5.630248197006014754e-01,-5.288332960645572012e-01,-1.270221325106212773e-01
-1.012554684596266713e-01,-1.392377324776163050e+00,-3.680359232127719538e-01,-1.112385131698036655e+00,2.996932040560842392e-01,-1.204696372837025242e+00
-3.898216578256734066e-01,2.342597819854593144e+00,3.096470242711219512e-01,1.684835227198319685e-01,-7.221054138799659627e-01,1.476597470939957413e+00
6.967422144030886721e-02,-1.553159810712516409e+00,8.683330064691379135e-01,1.583002245455988888e-01,9.034576283882375103e-01,5.017949483929667193e-02
9.663772677892352725e-01,4.692925343518357661e-01,-1.041476941087452257e+00,-1.987133112921082856e-01,9.023429120756236710e-01,-9.753237499260361543e-02
1.269561209813982572e+00,7.448769731330817656e-01,-1.296646210435370872e+00,2.983695739404094160e-01,1.629505870860858296e+00,-1.192848111984688098e+00
1.959462545242640075e-01,1.456178083154925140e+00,-2.904989787075433205e-01,5.335148790839744359e-01,1.480162695909251203e-01,7.595818560348047699e-01
1.146240299254563277e+00,5.523143006506591596e-02,-7.946982177503192357e-02,1.158221902000934056e-01,1.061358555938588744e+00,-1.952757603885713622e-01
6.643927717775260922e-01,-1.214967366404235277e-01,-1.690436501578180817e+00,3.510890321423890126e-01,4.493424885253866075e-01,-1.452840386504487435e+00
1.166784644473314536e+00,-2.234495571384606805e-01,-7.846711209572307943e-01,9.142108108277673395e-01,9.204799945331304523e-01,-8.967713023356546076e-01
9.262043544235917247e-01,9.254773946038707955e-01,1.517232205319829774e-01,1.644404615041239748e-01,9.509419709127064912e-01,5.809995389249152931e-01
-1.951104948321275290e-01,2.209496905736485939e+00,-1.796683202270979995e-01,7.069200260630961186e-01,-2.211035048002880088e-01,1.065112030896666617e+00
7.814181215747240117e-01,1.182502345936133459e+00,-1.535558335686850295e+00,1.387571032192472131e+00,8.149652005703060809e-01,-5.334731962867762523e-01
1.365435249437178866e+00,-3.247828799453000292e-01,-1.017467147098013669e+00,-5.795533733042322888e-01,1.397279476102802453e+00,-3.126922707125073808e-01
7.168913490643774589e-01,-1.904019443885853480e-01,6.159363496736401933e-01,1.438414469936414863e-01,6.879405686215671611e-01,5.170286858352536596e-02
2.015593844279995328e-01,-2.370994573923809412e+00,1.151594904840847811e+00,-5.766399855685488962e-01,7.033151601121930829e-01,-1.065308691560521021e-01
3.147322199006202248e-01,2.079765736560642841e-01,1.822693703282059763e-01,-7.672890675318638776e-02,4.512604714386115878e-01,4.425472453844732090e-01
5.722511078026834563e-02,-5.675005455333768101e-01,6.196585249749286817e-01,-4.995322370512499388e-01,4.811512662239670890e-01,-3.624977209579485771e-01
6.211137036248529086e-02,6.758077069626550193e-01,-4.762176173604040774e-01,8.568044550461678677e-01,-2.261055963639371433e-02,1.739294618477006671e-01
2.562465291994518446e-01,-8.507634259364226237e-01,-6.449192098059450817e-01,5.884729089657843026e-01,6.144458453201513404e-01,-5.017141768830347681e-01
4.334280625895463590e-01,4.474081562186423278e-01,4.564730696981201402e-03,1.471950016030505903e+00,5.173140699394421782e-01,5.678782198779551704e-01
1.008846973164039706e+00,-6.289701891654817523e-01,3.450935805433340553e-01,2.804325578182650380e-01,1.267321164243102372e+00,1.050675775242521509e-01
6.964432073429860370e-01,8.106821548650463560e-01,-4.771468361732498775e-01,-9.274978227907429984e-01,1.312311794477172555e-01,-2.374048451995182107e-01
-3.878618464058711246e-01,-9.613732238799485019e-01,-2.071690583770317284e-01,1.824291762204633682e-01,-6.232576823285390644e-01,-1.340842296063337269e+00
1.374432037791992300e+00,-1.022523131476259728e+00,5.893677067688590787e-02,1.637213323675323629e-01,1.766169333595099422e+00,-1.379237151670605066e-01
7.022404004781055420e-01,-2.025024189920034134e-01,-8.467588227560899350e-01,-4.921641443861018983e-01,5.963214258543081403e-01,-2.934773438399806422e-01
1.323539395018828113e+00,8.304857409083641340e-01,3.322263229445147070e-01,5.688521930984523634e-01,1.064136907153603762e+00,1.111167177486378055e+00
7.688299478741120740e-01,1.156689350726884058e+00,1.769922674329267309e+00,4.161012546578577997e-01,5.279565894155948680e-01,2.540864199104030607e+00
2.933863765412428881e-01,-8.253233934835525476e-01,7.540747756090773191e-01,-4.186219920962474528e-01,6.205744408292706016e-01,-1.066026248579119706e-01
4.408497897859231518e-02,-3.209910148560923826e-01,-6.895000430871872643e-02,-4.941815734969791651e-01,4.910696064754819373e-02,-5.586202245075440054e-01
-1.920844489582787418e+00,1.145074685949359683e+00,1.329826471617116201e+00,-8.440038296104552737e-03,-1.973029372067913956e+00,7.310230174061789210e-01
5.467758272976592782e-01,-2.018506456305511065e-01,-1.571771320747194015e-03,8.422592768836989485e-02,6.304688177072289568e-01,1.188769141984142852e-01
3.894170817389060457e-01,-7.172631526867470075e-01,-1.638582072422237468e-01,-5.079176093563508410e+00,5.365992980560748693e-01,-1.885204360325494766e-01
1.429976436703870313e+00,-6.400823426505402036e-01,-2.710143012564603660e-01,1.081073689577693564e+00,1.167156652148054752e+00,2.585528752389697552e-02
1.334570388068009539e+00,1.910898709379946214e-01,-1.207505691315227558e+00,7.104359814920797600e-01,4.872450489948176866e-01,-2.687776353831273779e-01
1.343828613957629980e-01,5.713006316000230900e-01,-6.267291845278704088e-01,1.931872336566044790e-01,-2.142388283153734696e-01,-1.576959339029264384e-01
1.224072632153687445e+00,-5.623775095132687030e-01,-9.871741793143424815e-01,-1.814980035984687379e-01,1.502006124191591852e+00,-5.815635292123383371e-01
-7.368419984493256025e-02,-1.215437735360067606e+00,7.822192692989482499e-01,-6.187480113276837557e-01,5.569597688603227237e-01,-5.702574417416608199e-01
-1.382004912365740745e-01,1.383941018936631684e+00,1.761661113071931961e+00,-2.573906237348149162e-01,-1.322811075327456010e+00,2.267276051938362791e+00
1.086740991966932635e+00,5.741866960723730484e-01,-1.713613584641076271e+00,9.238906242040791084e-02,9.472696793213291055e-01,-8.835393601527069540e-01
-6.451897813720403052e-02,4.873612798329233775e-01,1.733026795949085486e+00,3.706402621674687037e-01,-3.472207622602692112e-01,1.295558591326501752e+00
1.652681137093991781e+00,1.027950258538244954e-01,-1.001458862952558704e+00,3.513268907780583428e-01,1.450228630152581522e+00,-5.680493849650559701e-01
1.300197627192373417e+00,1.092819997725338554e+00,-1.379557216202249359e+00,3.899744934040461075e-01,1.213497025954687336e+00,-7.747084109371523697e-01
2.345210294533104367e+00,-1.526509039907364695e-01,-3.996258206062421325e-01,5.966313643267011635e-01,1.881473214123529081e+00,5.751043726244768894e-01
1.060427094089811506e+00,2.125446685326618235e-01,1.727094792125271061e-01,5.302315955178510398e-01,8.841837463845335643e-01,-4.519869381257081153e-01
-1.545586374367075910e+00,7.104805610631295121e-01,8.234884010156579004e-01,2.999256903500863158e-01,-1.810711712670899809e+00,3.491737594623277596e-01
1.225452317190606877e+00,3.703613313615834041e-02,-9.598878977077640595e-01,-9.921034192313682443e-01,9.857771373414071503e-01,-7.835734646141708781e-01
-4.469040105724997880e-01,1.956295948540918817e+00,5.007953704789684934e-01,9.703026015920873659e-01,-4.304312195413267927e-01,1.421382776637732936e+00
3.934958260335004732e-01,2.162073262227709680e+00,1.814516621671614649e+00,-1.810860920893767878e-01,-2.580612305763468339e-01,2.266850449152378211e+00
1.079200424348132348e+00,-1.584789066591347995e+00,9.487989938952778868e-01,-1.455213493628130517e-01,1.297921462075969812e+00,1.078657755707893851e-01
1.350273727040665062e+00,-9.723423925632050657e-02,-2.057350369759934905e-01,7.366966686025001598e-01,1.147783059599038369e+00,2.568869271764239182e-01
6.127344084260021306e-01,-1.151592279656875384e+00,3.930449856770842354e-01,-4.810083544991459181e-01,8.609214803935881788e-01,-7.518170374685503310e-01
-1.121005415714666359e-01,-4.091101483537221695e-01,-1.206755114377533467e+00,-5.588879539765172211e-02,-4.579596797001453390e-01,-1.604143320559465069e+00
7.032980233108873103e-01,-1.105956833147207358e-01,4.596486911021945843e-01,6.433163831882854566e+00,7.150997556118201537e-01,7.442891090386700714e-01
1.157781109773077688e+00,-8.000217199696812997e-01,5.148560723181860865e-01,-2.242948271488550416e-01,1.096101814227095073e+00,1.059398584481709316e+00
1.372274912255167623e+00,-3.186772909040114787e-01,-6.647140492518545107e-01,-2.253945075513314467e-01,1.654750717194588772e+00,-5.691899245849993960e-01
-1.748797036952436657e-01,-9.660812509742316978e-01,-5.501392724560214553e-01,-7.056183374530431429e-01,2.662209486612782117e-01,-1.547204242619706349e+00
1.857468028069908073e+00,1.636497445322074862e-01,2.670343421635172909e-01,3.178113940978827962e-02,9.794788910612480803e-01,6.227862287232754923e-01
4.961322807307841365e-01,-2.199432592737056602e+00,1.315949930390075906e+00,-5.244970766288760133e-01,8.266454745548093008e-01,-5.454264713494406669e-01
1.900592890267369661e+00,-7.175223975156203027e-01,8.304466845926590512e-02,5.740583374072162626e-02,1.710135372647040519e+00,-2.329250314583440271e-02
1.636490939156341140e+00,2.350404678209375986e-01,-1.040787525766288191e+00,9.201442534095123360e-01,8.237010281506585985e-01,-9.011710742734890811e-01
1.348152425325986670e+00,-5.270207323013786915e-01,1.030897684574791640e-01,-4.322893639600777771e-01,1.369789822784810651e+00,-2.650814281408139239e-01
1.424073315738703105e+00,-8.430219923811500538e-01,9.534833158932753960e-01,-4.508496948667587989e-01,1.462956590972259052e+00,2.494775163764724468e-01
1.682085439160067697e+00,-1.243090942426045453e+00,1.157412187749283339e+00,-8.674614363058041899e-02,2.014408274732284454e+00,3.647493737285554816e-01
3.701984838776872233e-01,1.140043258929630987e+00,-8.845612007459441317e-02,7.656676136395694776e-01,4.419875259381482180e-01,9.213032900544371184e-01
8.071748815805904753e-01,8.222026710866400245e-01,-1.050741441257627695e-01,1.288835624998512897e+00,9.452526276257376958e-01,1.741206803028612637e-01
-1.905541560103360399e-01,1.928253851274941644e+00,1.968843178909437830e+00,-3.366196777640863003e-01,-1.284978820581631709e+00,2.256410352156422494e+00
7.310772691411163149e-02,-6.030488183907611877e-01,5.522141790117351956e-01,1.515819584031774525e-01,6.686629660085592342e-01,7.811800082790096300e-02
2.002963338306056329e+00,-2.481592426075439062e-01,-9.806813505856000202e-01,2.941455112670535166e-01,1.765153961353432610e+00,-3.144124851333784249e-02
3.301051722670160227e-01,1.808544663418424348e+00,1.317480951406771572e+00,-1.402112356600959675e-01,-1.296184163561385994e+00,2.726287726977314474e+00
8.622598650506033691e-01,-8.991081180738447198e-01,6.420547055547679571e-01,7.008053283228593555e-01,1.232093424879478816e+00,3.839536415903126998e-01
-1.802399915906618189e+00,-1.514120918002143767e+00,1.405434635994300407e+00,5.099866628185374395e-01,-1.661912906113287791e+00,-8.328693291104485308e-01
9.010407043860253484e-01,-1.668541029722912516e-01,2.133284735570425972e-01,-5.980002026509046581e-02,9.006188487833777234e-01,2.021284299402028861e-01
7.704069295159570174e-01,-8.757735823780672391e-01,4.775583643836987524e-01,5.390632658311907133e-02,1.107054720435725059e+00,-6.840905115251572077e-02
-7.285238273003090681e-01,-1.763792548796956572e+00,4.874092387808122706e-01,-9.494118815312100335e-01,-3.049216327598360254e-01,-1.222958483144730879e+00
3.839770163576469164e-01,2.398284335147264024e+00,1.166984394014703108e+00,-7.425930367142014044e-01,-1.256777579479199769e+00,2.634802358902647246e+00
7.047245293703160440e-01,1.125541168965588756e+00,1.382714713408732532e+00,-2.710275796863571007e-01,3.245674668005628649e-01,1.909621544325917464e+00
1.678152025269223024e+00,-2.951739524038175522e-01,3.923581837362360436e-01,-5.523637548852056850e-02,1.865118512355566915e+00,8.893685753088527157e-01
-3.428733455665108343e-01,1.031331179693618205e+00,1.699459212254819773e+00,-2.819413671571930347e-01,-7.405096630817727954e-01,2.452661396576427677e+00
-4.850423522253184683e-02,1.543121230349541628e+00,9.032949789647155558e-01,-1.703512059969806702e-01,-3.402403012295747708e-01,1.474701387840092526e+00
1.133111842716067352e+00,-1.486250078313082978e+00,8.129165239787455866e-01,-6.075488667853995439e-01,1.459900136313228458e+00,5.672824568499119230e-02
1.120108373183132722e+00,-1.483037185262451096e+00,1.175511468793785541e+00,4.182895371926259598e-01,1.438191455242997963e+00,-4.070364634006067711e-02
1.454010631298166434e+00,5.451842832934038485e-01,-5.107688545805505465e-01,9.007935316180799568e-01,1.100780509566767540e+00,3.111498132507520276e-01
3.006541857776376392e-02,-3.859693901561698226e-01,-1.996424162899022026e-01,1.056418477785584509e+00,2.707500388001898503e-02,-7.689172593971028702e-01
4.076405615820664075e-01,-1.276107154231329588e+00,2.810162939653299552e-01,-6.933787939388125210e-01,7.233644810295620786e-01,-9.657477446849209723e-01
1.533540791400360925e+00,3.467173983782513291e-01,-4.760292374506268076e-01,3.243595058723984792e-01,1.656731243717315172e+00,4.156192995129934231e-01
1.214632783556573115e+00,-3.453047208399893098e-01,2.818458991182573592e-01,2.997563591312589204e-01,9.778902187842497540e-01,-1.239526722415300181e-01
1.733731408575560629e+00,8.081063508376979954e-01,2.104163743812545562e+00,-8.744106393099880803e-01,1.506250279431313732e+00,2.129904314119047903e+00
-1.379903171987849897e-01,1.206939212287255980e+00,1.918087311232041348e+00,-6.621484610368842672e-02,-8.075283090725179358e-01,2.497939748922564096e+00
3.839272745212259780e-02,7.922160029041039886e-01,2.234343295239795690e+00,-1.459903237987151062e-02,-3.638879983060476775e-01,1.823330746944747061e+00
2.817249418153121021e-01,5.709509482192326457e-01,1.494867933574403063e+00,-2.400020524592671456e-01,-8.617920056255440678e-03,1.227260529797687738e+00
1.030511513188949513e+00,-1.416628982441099804e+00,1.215381565545317288e+00,-4.372011250543614835e-01,1.330297471085921890e+00,5.097833586936196815e-01
1.682936221492950413e+00,-5.656733781231670227e-02,-5.440473480520642280e-01,8.956772876435941111e-01,1.854319999300856336e+00,5.948630003322942228e-01
-1.390693174369355134e+00,8.153459775393405717e-01,5.161116345376550729e-01,7.942307204755408856e-01,-1.533913287950837478e+00,-1.173547261731023306e-01
1.936845457810159266e+00,2.942124441592865458e-01,-5.119118093962164995e-01,7.614331774205954639e-01,1.464141552227670173e+00,-9.781653114027401286e-02
3.901385398931084270e-01,8.533086441761673635e-01,6.570427187650833278e-02,-3.662244238872410795e-01,4.869950654546237878e-01,5.655028885407739070e-01
5.327581462291968162e-01,-1.214569991017313333e+00,9.827427372320725052e-01,3.676540961471433389e-02,9.560690449273975267e-01,7.904934600760105123e-02
-1.775855192177801634e+00,1.510130839523726509e+00,1.332513605676820978e+00,2.273325483504005928e-01,-1.360213090517662371e+00,2.026136414712091494e+00
-6.799286282740044651e-01,2.498883342948272634e-01,4.600252112019627693e-01,-2.233288329966348074e-01,-7.263032136479165013e-01,-9.898396224996763859e-01
6.094786852079191464e-01,-6.948261856007266479e-02,-1.962043847349443093e-01,-6.931180754168718428e-02,6.895231388345562928e-01,-4.094434407295096667e-01
1.516162366375515269e+00,1.015290324997359800e-01,1.834864859251421343e-01,-3.084346133745430873e-01,1.272759557961390620e+00,8.372240497743546062e-01
2.921127336186630230e-01,5.845340280103403785e-01,2.771959146078847303e-01,6.890928060284051693e-01,7.755143905347724465e-01,8.876250342364829793e-01
1.569102404301392584e+00,5.256004021117250957e-01,-1.165000104080511356e+00,1.567422617575578714e-01,1.831026258981855781e+00,-9.582573771352567160e-01
-3.885980540946524786e-01,2.030513711751940509e+00,1.163146883890412875e+00,-8.279124613916756248e-01,-2.941957194416450205e-01,2.587988721849542983e+00
1.469783939838716025e+00,-5.114177099126232529e-01,-9.390531383766105578e-02,3.030228702527006379e-01,1.092275017507293944e+00,9.243299968725142701e-01
-2.436318872701013216e-01,2.509164881255714352e-01,1.692123062844785419e+00,1.352697270524651774e-01,-6.407013295754365734e-01,1.403807190690076867e+00
1.055993094341392435e+00,2.089104773398250403e-01,1.805735951653456794e+00,-2.104878436798290550e-02,1.426306478342046935e+00,1.501659701089175236e+00
-1.737212932273120458e+00,-1.033060309344644656e+00,4.754335765665512192e-01,1.117724834317237459e-01,-1.848130712622581218e+00,-6.045354971144245582e-01
8.208363127081793609e-01,2.057044735484460096e-01,4.626973069825338070e-01,-2.324243183300905846e-01,8.257002111925197951e-01,6.078836397869207264e-01
-1.295011571445443099e+00,-1.924560835696118133e+00,5.024332258278700891e-01,-4.475505972813642597e-01,-9.708016011015786484e-01,-1.031661711242068735e+00
1.086102687634311170e+00,-1.485509713991946423e+00,6.528161331353278252e-01,-8.753224965210133490e-01,1.600041468753432783e+00,3.484829381498009276e-02
1.850775045890522108e+00,-3.910846752495121259e-01,1.441228320227890825e+00,-2.937133682050558359e-01,1.671578951937268354e+00,6.594980257705296278e-01
2.725174249912605817e-01,3.166258067670088217e+00,9.434975895649300170e-01,-1.110315089229692298e-01,-7.035859698385470429e-01,2.385465159311844108e+00
-1.360103519662129168e+00,-1.277062758327591530e+00,4.486027395592724898e-01,2.762771071286990177e-01,-1.122783251943120453e+00,-9.826805497311231763e-01
1.650719143343180262e+00,2.735892441457376534e-01,-6.274807405074697142e-01,1.008768610791791476e+00,1.622435100551204545e+00,7.776506684819436410e-01
1.125570915306900871e-01,-1.268280295349390130e+00,-3.160637020686621335e-01,-4.248741675049080291e-01,2.520926164430599692e-01,-7.583886669511612499e-01
5.517559772755968872e-01,-4.855632269839197379e-01,6.570593117014920104e-01,-2.578048608349761683e-01,8.545039917815598907e-01,5.182549592779314152e-01
-1.919807569839361738e+00,4.043767868366951457e-01,1.143713643492099363e+00,-7.673157765929324026e-02,-1.882023581935597711e+00,4.918770022207396425e-02
8.507386912791501388e-01,2.254585130480109889e+00,9.013267173181012393e-02,5.862596791813636798e-01,1.850306141425955564e-01,1.478784111287780867e+00
2.205132694474854826e+00,4.858403387635788495e-01,8.965447139820201250e-02,1.520387185836784838e-01,2.203534919442481588e+00,2.287291598872647214e-01
-1.652856645494045207e+00,-9.248226537000726888e-02,1.069913271116172515e+00,6.881474039280167654e-01,-1.622981691096533119e+00,2.428087163742054244e-01
-1.056407661658631952e-01,1.861407950097105468e+00,1.604796565293726607e+00,2.750318306307933947e-01,-3.751225738018073019e-01,2.355827856933224940e+00
-2.088094794522656894e+00,-1.442041868177327268e-01,1.337665138968175960e+00,1.422898831046638668e-01,-1.792463098879758965e+00,4.908916223232487885e-01
6.269769599824324136e-01,2.012388707752108541e+00,2.566566612770490030e-01,9.905789368180821786e-01,6.378061773694017056e-01,1.383668300980792853e+00
5.567571882661855875e-01,8.542314937281898501e-01,5.768466604139779186e-01,6.457503283407054484e-01,4.938174926857175073e-01,1.178596605811510267e+00
1.082339954158761941e+00,1.930444927262446597e-01,3.026400634455645444e-01,-5.227450186007425170e-01,8.179694491458501249e-01,-4.047095847555349790e-01
1.202294351908125947e+00,-1.130430488796119404e+00,1.028887447059573024e+00,-2.325075885848627011e-01,1.238791242419109428e+00,7.681154786130101053e-02
1.083070363563961802e+00,-8.678729392394597397e-01,7.483909114482314440e-01,-6.507379964074390122e-01,1.243671607965915804e+00,6.487345530098737045e-01
1.520988376250551832e+00,-4.943137881569620307e-01,7.539496839757443558e-01,-7.226068520653709804e-02,1.418920665177692442e+00,5.783560700882743877e-01
1.513891233805508607e+00,-1.258423752439196575e+00,1.223054310893592733e+00,-2.236841128395666012e-01,1.802538451886597892e+00,2.324488848280839570e-01
7.722600145146816253e-01,-3.725816894297379611e-01,3.060424107475216093e+00,3.305799968645513065e-01,6.292851653236104514e-01,1.221062000313078988e+00
1.341469051291787284e+00,1.075425917985868562e-01,-2.022335727243994297e-01,-3.166107432275865330e-01,9.122889463037822111e-01,-5.348238623060286301e-02
2.729911304490862944e-01,8.028857018603865470e-01,2.692344684217995443e-01,7.990983940009472875e-01,7.421722409710493351e-02,8.156613721326924082e-01
1.749122154643632188e+00,-6.847051602315055163e-01,7.258022953942602218e-01,-3.287380382128723966e-01,1.855393232742756915e+00,8.345108508343643261e-02
4.243786396388621873e-01,-5.566921472838376461e-01,-4.038519780006445958e-01,8.132579455019885994e-01,1.066570965488531225e-01,-1.048909900336197243e+00
1.443870317515785873e+00,1.440771020112486811e+00,3.827555345610215987e-02,1.022001532676230229e-01,1.069411943996447789e+00,1.173080605787968134e+00
7.866607156734980455e-01,1.095521436533451798e+00,1.589549014934227733e+00,-2.212474994620715896e-01,7.809976837150611750e-01,2.599992264696625810e+00
1.668854690905136495e+00,-5.619797508027949418e-01,6.608408927584270565e-01,-1.179238561277959618e-01,1.578285723125573137e+00,5.004825562662887917e-01
1.741888778315502817e+00,2.689079639762282925e-01,3.239681936644328020e-01,8.016580663822363562e-01,1.218348986767625375e+00,8.343342101850113046e-01
-1.662383440577867688e+00,2.303829334762393932e-01,6.376278894119450369e-01,-7.253134158566272305e-01,-1.591912693716806215e+00,-4.148358715074277336e-01
1.135175117501642905e+00,-2.638530685657438646e-01,6.031175863259745640e-01,-4.294467587598490010e-01,1.186307846966737189e+00,8.690658768901479148e-01
2.573900390927988280e+00,-4.404760788000786631e-01,5.161145920384342389e-01,1.812973321887740297e-01,2.459875403196937871e+00,8.100354186944656032e-01
9.185393096212629560e-01,-8.355911329250740316e-01,6.696127846039822140e-01,-7.223681181925749595e-01,9.751109433762045198e-01,1.393405241747268652e-01
2.062026392879199754e+00,-3.584737107320800642e-01,1.608623357378033525e+00,3.141347698936579613e-01,1.602688876908908266e+00,8.372170677216733692e-01
8.590898311674957100e-01,-8.239569681741911733e-01,4.587621319246303897e-01,7.673671274040283485e-01,1.083759434390113130e+00,-1.812389226471969872e-01
1.549308074402569568e+00,-7.844500559289941943e-01,9.529314454753183838e-01,2.518834327176920351e-01,1.157368752010375257e+00,-4.456898071934867200e-02
1.308145035977610338e+00,-6.522550142621910130e-01,-1.556356514765330490e-01,-1.686538768786778608e-01,1.580488036188827161e+00,-3.375119932796087352e-01
1.290076492437948641e+00,1.852323160290765269e-01,6.521555890821501000e-01,1.319375496959212801e-01,1.073679318368550684e+00,1.272618066467221976e+00
-1.079872932332126334e+00,1.588131830740444395e+00,3.545586967281670332e-01,-8.986945458225242822e-01,-1.782827828165621131e+00,3.061208366931215119e-01
1.648559510741285816e+00,1.274583822213692097e-01,4.479731331293597130e-01,-9.043774461050681224e-02,1.383307216541571627e+00,1.437913436129556688e+00
9.604841738518984373e-01,4.495899085655136740e-01,1.204076014873044276e+00,-1.918570177961013146e-01,1.158568347094582895e+00,9.726589215786474174e-01
1.861180137937779588e-01,-7.873517329748750404e-01,1.606141269645287029e+00,-6.449517566931347590e-01,5.696526031402442403e-01,9.901890407152694751e-01
1.235989011563570994e+00,-9.078360918264801738e-01,7.988392719369232786e-01,-3.312679430284745097e-01,1.261959699770510701e+00,-2.528017804510365174e-01
-1.244701231670372943e+00,4.386683366669905659e-01,4.496800990187502234e-01,-1.433858788870548684e-01,-1.845899058072225873e+00,2.290377775510686609e-01
-1.023181071614291060e+00,4.739144548907916477e-01,-4.894372620335829538e-01,1.324433305172648401e-01,-1.110905069770906861e+00,-5.164171718975443248e-01
-1.427548557024491682e+00,1.084248480831483619e+00,5.654304443372291100e-01,-2.891446388407389878e-01,-1.844362038171958318e+00,6.211068425347694710e-02
1.643810663469831734e+00,-1.197183474411355641e+00,9.348089008055409099e-01,-1.002003502696835024e+00,1.585567132952018898e+00,3.142740808707131239e-02
1.908067239794433823e+00,-5.872963557006681823e-01,3.027239915806438364e-01,3.564470248321509604e-01,1.720827262324206020e+00,2.147331554409020737e-01
5.751660766282375992e-01,-1.133748145554573483e+00,3.146209016365885680e-01,-7.594919935499599983e-01,9.445781968547365404e-01,-4.793701712164439854e-01
-8.675788988768754484e-01,-3.212354818427574643e-01,6.539545801769780509e-01,1.594381573975423849e-01,-1.005615165167247138e+00,3.111917967632641946e-01
1.319756154923454439e+00,-4.484268482542395629e-01,6.992493379784776586e-01,-1.469028632139054713e-01,1.102052783506867639e+00,8.088881177726335858e-01
2.141159258932006981e+00,1.424654158230449497e-01,-2.386063635944453976e-01,4.602859909583998932e-01,1.736082333167205061e+00,6.863135501233557090e-01
6.826635535887107809e-01,2.579350268191257012e+00,2.185902806804315812e+00,-3.146172747519686563e-01,-1.011230353733620774e-01,2.663525435724182433e+00
1.064907158225672612e+00,1.330056560311185354e+00,3.161779854792537758e+00,-3.187270888572755340e-02,6.114076554632963401e-01,2.766845023286146343e+00
3.334202436558399429e-01,6.335496546311986110e-01,1.211728793599794463e+00,-7.626209142470474767e-01,6.031800090304646478e-01,2.627498436322562858e-01
1.287018309906528879e+00,2.658768816688529546e-02,1.016455259376748188e+00,1.578187285328153111e-01,1.282154639198753721e+00,1.121972663091669542e+00
1.995275156064576727e+00,-3.018166590692712981e-01,1.302826203976798380e+00,1.411746141947775035e-01,1.810364791472022894e+00,1.188712563522194010e+00
-5.375554958640854641e-02,-1.293400287524711034e+00,1.996717586654257914e+00,7.393669545517398412e-01,2.907631546866301098e-01,6.651486424862798064e-01
1.258918461377242837e+00,-7.258912221727644720e-01,7.279824401160120972e-01,-7.838961542625159096e-01,1.096889464250532020e+00,4.599303295033889127e-01
5.101300417969129031e-01,1.100061218561810605e+00,3.965257502684426671e-01,1.186820937073967519e+00,9.280080259896804629e-01,7.271897635044821673e-01
3.784890800505021913e-01,-1.583881824765373814e-01,2.140758454299960256e+00,5.221675168708737047e-01,6.291076981702653503e-01,1.008157745195051858e+00
1.513048704843604320e+00,2.871446538388093273e-01,5.220937498160402868e-01,-2.183818074850458202e-01,1.660628549988189206e+00,1.199450325681020058e+00
-1.358051726889441868e+00,-4.136391886753017499e-01,9.661061742884017312e-01,3.081637795870122987e-01,-7.289664582291641715e-01,-9.095166874507727428e-01
1.648078488978014455e+00,-9.861541438715132335e-01,1.780740283497904475e+00,2.243706191865799671e-01,1.478301748782397285e+00,4.602468141553133218e-01
1.313272047749457938e+00,1.077968411024720741e+00,1.748317133713380045e+00,5.308377714009315795e-01,1.104732039494189744e+00,2.066639532326683071e+00
-1.813447781576090101e+00,-1.058784304368526552e+00,1.263296037196501409e+00,3.727340270433842084e-01,-2.152940927765482293e+00,-8.795627118956578228e-02
9.505952041230658622e-01,-1.172383017188375121e+00,5.341687018529067688e-01,-3.284161482198991733e-01,1.123732861457551691e+00,-5.254341499218975198e-01
1.586054450085435219e+00,-2.268990283787942763e-01,7.968775098663612999e-01,3.627905804966791159e-02,1.137900180412618756e+00,2.598230606616208083e-01
-1.112490194436822399e+00,1.026778181510429322e+00,-6.854619641903687555e-01,-3.428446789934643801e-01,-1.789719522433190324e+00,-6.503717814231366745e-01
1.965385280546910751e+00,-1.576998875138910350e+00,2.347000433385399543e+00,1.224930847571578524e-01,1.993825162142526031e+00,5.965327514350633464e-01
1.412696052341816166e+00,-1.353182790640470534e+00,2.980699993539221548e+00,-3.543100202170518156e-03,1.934253373012870592e+00,5.690885132390857137e-01
1.504304517207403435e+00,1.639038769280484198e-01,2.243061753539390857e+00,-5.405770871404506073e-01,1.428345993561483285e+00,1.567893098149835573e+00
1.236271756299478719e+00,1.880985836491272822e+00,1.947921733006533040e+00,2.858639828078513578e-01,6.113290669100419628e-01,2.940000468301800396e+00
1.960262653181699122e+00,1.016039772133337307e-02,1.211158202473945122e+00,-1.929382111282412077e-02,1.853156485970854250e+00,1.327610643222974840e+00
-1.120745826235490572e+00,2.600101061691791893e-01,1.099808423718334760e-01,-7.941274582742157140e-01,-1.395364890220033738e+00,-6.820766302626142252e-01
-9.537512979105183808e-01,-4.183732341067893934e-01,4.653540450095094427e-01,-3.195808190073953226e-01,-1.343688257934317454e+00,-6.535486356973810862e-01
-1.808357799365288565e-01,-4.037027675063957211e-01,-5.085129298650231666e-01,-5.598508530092263236e-01,-1.670934431390254105e-01,-5.524465174903048226e-01
4.956664996763696651e-01,5.380878331768167433e-01,5.609915115180413858e-01,-1.574171423280190385e-01,6.497221117827847170e-01,7.674606700762593992e-01
-5.400484209504246014e-01,-1.942087730906522980e+00,3.166794072334515042e-01,5.782758827569967064e-01,-2.601901398036559621e-01,-1.288002467894493908e+00
-6.219047846887818670e-03,1.625148486490837874e+00,2.353997214396184035e+00,8.966982668592951913e-03,-7.720261590124203321e-01,2.460747140424841550e+00
1.339141514099144503e+00,-4.427468088504623034e-01,1.621848180605848011e+00,3.463137325344890077e-02,1.296521769758388842e+00,1.010346963222042982e+00
2.817722618300075865e-01,1.622205044536734198e+00,3.644028185294072575e-01,5.316915593076810831e-01,-5.920038430062529028e-02,7.494575627967155207e-02
1.133378547343528719e+00,-9.964739397440942614e-01,1.982738044004704436e+00,-4.861760715559654278e-01,1.291079265370053575e+00,6.372552648550466881e-01
1.236116685428801931e+00,-1.871311984957412466e+00,2.069497858950073876e+00,-5.177575982770044050e-01,1.757141681527774502e+00,4.014212017751208061e-01
-1.134884845786713559e+00,-1.598953084249950807e-01,2.472126044934469524e-01,1.390932242822489617e-01,-1.327625333147890219e+00,-2.766081926233991961e-01
-1.033825548491789759e+00,1.658281429034180965e+00,1.937109072306185120e-01,-1.234916663248615931e+00,-1.864722113023294936e+00,7.168629661755572258e-01
4.612916602999565102e-03,-4.460971377790873271e-01,-4.327555745069582294e-01,7.215376330591764809e-02,1.710103900797517451e-01,-1.101468756278298766e+00
1.753678499926616952e-01,2.300468838641409164e+00,8.020045031186772144e-01,1.707266610148528707e-01,-8.708615286631971042e-01,2.718125722768328867e+00
1.430036377650027779e+00,1.832840145156543893e-02,1.518319112938150361e+00,-9.683712274874168857e-01,1.442313717414430929e+00,9.844885141851040800e-01
2.066331019257185986e+00,-1.218368444974949893e+00,2.086596536579072847e+00,-5.889562594935748852e-01,1.969939294492760951e+00,6.476532106692298729e-01
7.705877822019151502e-01,1.241501475480409455e+00,1.370888627617527611e+00,4.956521704911197035e-01,5.073766275778350821e-01,1.966267123714450005e+00
1.778252786884201742e+00,2.940401585568216958e-01,3.689438229994128626e-01,4.721537499803523663e-01,1.367093015225666175e+00,9.972521871027369977e-01
-1.569483787017048049e-01,6.248126130557253299e-01,-1.198726386446024444e-02,-9.230429923895207278e-02,-6.124087587403831412e-01,-7.280932445266172781e-01
6.052958565415963443e-01,-3.322301685642276708e-02,6.435610804116930206e-01,2.859616012547964714e-01,2.661882980880424521e-01,3.894957359387549861e-02
-1.314083088658260623e+00,1.664155319468494931e-01,6.354961021022337286e-01,-1.661920907396691460e-01,-1.276316215695793677e+00,-3.239042893242099486e-01
2.408189681475867872e+00,-3.903083002222778597e-01,1.920741271624402779e+00,1.360595259685807301e-01,1.710334791690550027e+00,2.021076553009838461e-01
7.252893277137681949e-01,-8.949296861323626784e-01,7.435079382757044941e-01,-8.227494237059773674e-01,1.193548079228360148e+00,-6.576572426151755524e-01
-1.395852884481035394e+00,9.797034880826678283e-01,1.543816967211279811e+00,3.311184346223042807e-01,-1.802950409603692128e+00,1.299605768795870198e+00
1.449298718917414464e+00,1.137328170074008105e+00,2.491003988340530384e+00,-2.029706369650007558e-01,1.401828363087001206e+00,2.540308307319476100e+00
1.580914578509673651e+00,4.079555482792865284e+00,1.718417353269816594e+00,1.287166624429117168e-01,-1.121545679054406913e-01,2.565683071293985318e+00
9.523759246714971205e-01,6.115407602646715235e-01,7.944216761265163740e-01,-5.048070722421703627e-01,1.131622647429319839e+00,1.085328563663134238e+00
1.151197734147287433e+00,-9.635362228760879777e-01,1.997716814638909044e+00,1.049903269601076550e-01,1.719957351590069683e+00,3.873070726440450695e-01
7.632500781777322718e-01,-1.106306718531677502e+00,2.129527103302498947e+00,-2.798988498517500645e-01,1.001457199377514984e+00,4.070000679072301453e-01
-1.439960791151780661e+00,7.030296298093747787e-01,9.934264553600969938e-01,6.823529330307762653e-01,-1.644708043002746756e+00,6.510405439255729787e-01
-1.600708755855253518e+00,-5.407422006368566292e-01,8.432384970755575360e-01,4.527814636171865192e-01,-1.678440356325594962e+00,2.078951253108948447e-02
1.991441590502331660e-01,-9.056455278464727865e-01,1.697900339265503433e+00,-8.669233072481961067e-01,1.236618240023253934e+00,-1.189601459332912808e-01
-3.195284742163223557e-01,1.458136995220614684e+00,1.114594987435941542e+00,-6.033518655353954374e-01,-3.295500207169968498e-01,1.755735129739064870e+00
